#Stereo rect[ms], MP culling[ms], MP creation[ms], LBA[ms], KF culling[ms], Total[ms]
0.060063,0.011365,0.328400,0.000000,0.000000,0.400735
0.050272,0.021046,0.561668,0.001996,0.001996,0.637031
0.391945,0.029964,0.792814,0.058617,0.058617,4.216986
68.090300,0.037916,1.339639,0.129805,0.129805,73.229814
63.189847,0.036132,2.899029,0.237275,0.237275,73.504950
70.562025,0.018172,2.460853,0.447526,0.447526,79.921971
74.115761,0.014945,2.780483,0.328909,0.328909,84.053535
63.223149,0.014910,3.351617,0.596199,0.596199,75.746251
68.071003,0.020297,4.312615,0.669210,0.669210,84.722088
60.898242,0.034308,2.704780,0.619966,0.619966,73.635118
58.791112,0.011048,2.311960,0.438279,0.438279,68.662480
60.306115,0.016287,2.782925,0.560182,0.560182,72.004360
55.686754,0.013384,3.420636,0.768897,0.768897,68.296696
55.348428,0.013382,3.285756,0.927086,0.927086,73.405282
58.375605,0.019621,3.463552,0.805958,0.805958,74.384804
64.186850,0.013395,3.222812,0.652544,0.652544,77.528471
66.821912,0.022000,3.494036,0.803795,0.803795,81.163694
63.750622,0.011213,3.610756,0.662531,0.662531,79.208101
68.871737,0.014032,4.532893,0.795124,0.795124,85.737669
68.793127,0.015595,5.451426,0.973738,0.973738,91.399354
90.669688,0.017027,5.988291,0.964083,0.964083,112.901528
96.721788,0.014619,7.340035,1.428961,1.428961,123.327736
112.401894,0.018312,7.023887,4.096077,4.096077,149.031926
120.023630,0.017316,6.916249,1.400874,1.400874,148.533774
99.604477,0.020749,11.445763,1.792682,1.792682,144.976302
110.242283,0.014563,7.789817,2.576420,2.576420,143.417822
117.949111,0.015832,12.498356,2.368225,2.368225,164.574109
87.103171,0.007533,8.422645,1.507915,1.507915,115.095638
126.522214,0.011327,12.787956,1.421302,1.421302,166.213043
85.506498,0.011426,8.354431,1.748066,1.748066,115.337844
97.443749,0.019652,7.595169,1.816558,1.816558,130.008304
115.819884,0.012187,7.705027,1.493594,1.493594,145.529935
93.736552,0.010067,9.417934,1.792250,1.792250,127.530281
102.345933,0.018792,9.513505,1.813710,1.813710,136.346615
95.223515,0.016264,9.338433,1.675536,1.675536,135.966660
93.183791,0.017093,10.349570,2.026209,2.026209,133.709985
96.927024,0.022684,11.375879,2.105994,2.105994,140.221865
109.845105,0.025209,11.575353,1.994322,1.994322,163.103576
107.855270,0.034224,12.759470,2.840835,2.840835,161.207358
95.429747,0.038571,12.973320,2.473737,2.473737,146.677852
93.188504,0.028319,12.325129,2.389879,2.389879,143.408567
94.010222,0.026511,14.163126,2.496505,2.496505,149.493770
93.099959,0.019258,14.237145,2.535281,2.535281,153.384338
92.962142,0.025035,12.833816,2.614365,2.614365,144.992966
90.830324,0.017421,11.841438,2.528954,2.528954,147.607160
85.998967,0.017055,11.359595,2.538241,2.538241,139.565559
114.810339,0.022144,16.995907,2.599648,2.599648,167.472309
84.922569,0.017345,9.951662,2.588123,2.588123,137.556910
86.672348,0.010230,9.700318,2.523687,2.523687,132.473783
98.213305,0.010849,9.512061,2.456561,2.456561,142.764401
103.988543,0.006327,8.954350,2.450999,2.450999,141.570640
127.205833,0.009610,9.255953,2.317426,2.317426,168.536556
97.330527,0.011402,11.189052,2.551080,2.551080,143.329982
96.551376,0.014754,11.915914,3.089209,3.089209,155.686919
102.572050,0.020856,11.889481,3.030574,3.030574,155.140739
89.209899,0.023650,13.605050,3.120707,3.120707,147.450124
93.983505,0.017684,11.632473,2.788661,2.788661,139.122176
93.158604,0.020302,14.344312,3.637642,3.637642,149.303319
96.523083,0.015722,13.056421,3.295812,3.295812,142.982628
93.657039,0.015182,12.895047,3.301502,3.301502,140.534174
93.366569,0.009405,12.141861,3.410162,3.410162,139.378607
88.573523,0.007338,10.367926,3.161076,3.161076,137.227505
88.208109,0.007943,10.373734,2.768575,2.768575,135.295683
87.416357,0.013869,11.314138,3.165998,3.165998,134.573833
85.872612,0.015251,11.135962,3.240472,3.240472,150.907610
85.262251,0.016459,9.982647,2.842205,2.842205,132.498878
86.666246,0.021866,9.234899,2.872590,2.872590,130.377312
86.395746,0.009735,9.392368,2.947896,2.947896,133.033000
86.177277,0.008220,9.056582,2.590048,2.590048,129.458895
86.999665,0.006136,8.112131,2.669016,2.669016,135.442551
86.852054,0.004605,8.433689,2.633319,2.633319,129.316376
89.033046,0.006892,7.235845,2.608488,2.608488,129.741074
81.214466,0.004679,6.849947,2.676456,2.676456,114.596615
77.992070,0.003069,5.591477,2.540518,2.540518,114.812784
81.503189,0.001298,5.501481,2.533542,2.533542,110.613184
75.376316,0.003932,5.568031,2.432809,2.432809,105.525245
80.039180,0.007639,5.433130,2.436599,2.436599,109.307326
79.149397,0.017310,5.727554,2.435558,2.435558,107.009581
79.547673,0.011745,5.802347,2.494053,2.494053,110.345652
83.283496,0.013102,6.552034,2.876347,2.876347,114.620605
97.187845,0.013671,6.617718,2.517472,2.517472,134.044893
84.179354,0.013117,7.208947,2.652009,2.652009,123.707928
88.580348,0.007478,6.787159,2.656217,2.656217,123.818896
87.594557,0.007967,6.660752,5.004319,5.004319,125.482265
91.254922,0.009892,7.271609,2.606409,2.606409,126.887921
91.250867,0.007850,8.025847,4.878178,4.878178,132.773374
98.989495,0.015161,9.256231,2.562242,2.562242,141.650723
101.636360,0.015721,10.203571,3.025642,3.025642,144.979553
108.506944,0.024404,13.506509,3.291732,3.291732,164.587336
106.337681,0.022439,11.934958,3.210407,3.210407,154.211044
105.466734,0.011058,12.396090,3.293122,3.293122,155.129174
105.100076,0.011729,12.106307,3.367269,3.367269,155.310795
106.904226,0.013819,12.794377,3.604284,3.604284,162.209367
107.684307,0.019360,12.204070,3.109480,3.109480,163.407687
108.724157,0.014132,13.456154,3.384368,3.384368,169.830904
108.471932,0.014672,13.628349,3.551761,3.551761,171.072397
122.515245,0.021678,13.293210,3.611798,3.611798,183.612127
107.371543,0.015657,11.741520,3.364078,3.364078,156.315802
104.648060,0.017044,12.574308,3.724933,3.724933,168.228927
103.015258,0.019905,12.069294,3.960016,3.960016,153.123417
93.534998,0.015672,11.410184,3.494993,3.494993,146.725913
94.747233,0.018425,12.108016,4.053845,4.053845,149.099632
96.860707,0.013391,11.185947,3.786411,3.786411,146.444192
93.689099,0.013967,11.945706,4.263805,4.263805,144.371040
91.748186,0.008285,11.607729,4.148832,4.148832,142.924790
91.788985,0.007992,11.035476,4.147124,4.147124,141.658404
90.080032,0.006687,13.672237,4.157074,4.157074,145.387696
93.247190,0.007348,10.453465,4.028508,4.028508,136.495108
85.856948,0.002654,9.977868,4.061572,4.061572,137.575051
95.732291,0.008426,11.419931,6.428064,6.428064,164.846538
110.863775,0.005353,10.198074,3.207410,3.207410,164.220890
93.050764,0.005070,11.547667,3.531923,3.531923,146.024149
93.175861,0.009884,11.271996,3.924801,3.924801,151.240346
86.508325,0.014658,11.046507,3.955871,3.955871,142.186734
88.051343,0.009099,10.374790,3.699099,3.699099,135.942027
87.756619,0.014044,11.271679,3.354437,3.354437,143.520765
87.316986,0.014400,10.896391,3.361002,3.361002,135.550912
82.748669,0.012452,9.802896,3.429358,3.429358,126.407555
78.756038,0.017492,8.698938,3.099097,3.099097,117.347290
73.895540,0.013410,8.450215,3.653316,3.653316,114.165459
78.710354,0.009823,8.584083,3.164954,3.164954,114.901723
77.906084,0.005259,9.110877,3.735310,3.735310,116.675158
76.139554,0.007703,9.460242,4.044550,4.044550,113.518171
73.786323,0.011990,9.397542,3.502808,3.502808,113.588867
75.582486,0.008339,10.608119,4.339564,4.339564,119.404912
74.465566,0.014053,10.837998,4.057888,4.057888,118.658600
73.142681,0.018220,10.907760,4.139178,4.139178,121.988573
68.556657,0.018144,9.055872,3.969015,3.969015,114.939464
71.387006,0.019758,9.548954,4.184024,4.184024,117.309641
68.365122,0.016173,7.998642,4.388047,4.388047,106.489915
65.962649,0.015109,6.824242,4.030973,4.030973,103.500778
59.661569,0.013182,7.488266,4.479190,4.479190,100.882533
60.789203,0.008165,7.217631,6.933114,6.933114,102.095675
57.179155,0.009303,7.709802,4.685088,4.685088,101.311809
78.607499,0.017878,8.385911,4.702243,4.702243,126.759490
70.282671,0.016577,8.092147,4.519631,4.519631,111.907699
63.304668,0.018095,9.464462,4.895518,4.895518,110.677334
57.481626,0.020752,8.986638,4.973374,4.973374,97.759530
57.158541,0.018466,8.163814,5.023987,5.023987,96.239967
59.766589,0.013289,7.986839,5.010274,5.010274,96.205174
59.348285,0.011554,8.195437,5.095189,5.095189,96.040572
60.285096,0.006440,7.948519,4.865091,4.865091,96.936486
58.917429,0.005941,7.907745,4.750251,4.750251,101.576268
59.991857,0.004506,7.850986,4.712823,4.712823,98.039033
55.736599,0.005132,6.707965,4.518183,4.518183,93.224300
57.985967,0.006662,6.922498,3.769740,3.769740,95.904470
57.521236,0.004308,6.837233,3.429114,3.429114,90.821493
54.374345,0.005269,6.644456,4.856441,4.856441,90.455494
64.869346,0.003041,6.069656,3.011108,3.011108,92.386366
63.502933,0.008119,7.407183,3.184780,3.184780,94.436409
63.592429,0.010410,6.725656,5.116223,5.116223,98.559145
61.999169,0.008505,6.562986,4.904479,4.904479,95.747597
63.892432,0.004468,6.502624,4.758646,4.758646,90.735695
61.214902,0.003524,7.128939,4.791473,4.791473,100.148976
64.559192,0.009867,7.399179,5.207045,5.207045,102.229743
63.985045,0.011608,7.051063,5.184195,5.184195,102.132401
64.864100,0.009383,6.719908,3.648389,3.648389,98.153104
64.344864,0.007541,6.779746,3.584602,3.584602,97.982377
65.497898,0.010449,9.710598,3.962063,3.962063,97.198920
77.252275,0.005533,6.427817,3.325149,3.325149,107.620340
73.901584,0.005083,6.634844,5.570913,5.570913,105.020606
71.863541,0.006193,5.949191,5.880493,5.880493,105.477714
71.273066,0.003137,6.199400,3.120865,3.120865,100.303419
79.638221,0.003675,6.838133,3.590061,3.590061,111.857304
76.034569,0.003114,6.834890,3.892060,3.892060,106.061864
76.272799,0.004044,6.719562,3.027794,3.027794,106.800092
76.616699,0.010080,7.858856,5.987989,5.987989,120.370657
77.209212,0.014949,8.658729,6.691908,6.691908,115.797704
76.574177,0.016519,9.679411,5.733328,5.733328,113.416383
77.074476,0.018884,9.172524,6.534293,6.534293,113.341785
82.172608,0.017549,8.703412,5.850307,5.850307,117.716392
92.610654,0.015890,16.980553,7.660658,7.660658,181.764818
106.428725,0.027229,18.479438,7.270468,7.270468,196.862054
94.684432,0.024564,14.868288,5.589996,5.589996,164.945135
90.845157,0.027219,15.528125,5.835213,5.835213,152.553570
98.432012,0.024341,16.559990,5.732436,5.732436,160.697539
160.806282,0.029107,18.011710,6.114103,6.114103,209.979014
109.609337,0.016257,15.652541,6.790784,6.790784,174.713135
141.777446,0.031638,15.100453,6.970495,6.970495,205.392791
105.889628,0.069437,14.670897,6.476035,6.476035,155.096745
96.945208,0.035699,10.750796,7.130203,7.130203,148.736448
89.190559,0.034658,10.291446,6.293885,6.293885,131.840009
93.696219,0.037445,11.631777,6.093768,6.093768,144.783674
88.681253,0.030143,10.235799,5.590980,5.590980,133.340181
95.767372,0.025276,10.862433,6.153743,6.153743,140.741065
92.754574,0.029275,11.441760,6.580617,6.580617,144.025364
96.837209,0.021214,12.794023,9.271534,9.271534,154.812914
95.183207,0.030201,14.724660,5.945019,5.945019,147.193327
99.754176,0.026084,14.462254,5.812188,5.812188,154.363655
99.189179,0.032089,15.851264,6.492282,6.492282,155.823065
98.957265,0.020168,12.336464,6.481361,6.481361,150.275974
90.028906,0.015348,15.176800,6.769187,6.769187,139.816622
95.400326,0.011004,12.597317,10.060957,10.060957,167.321758
115.523912,0.092630,14.515486,6.368432,6.368432,166.115823
104.261258,0.010764,16.542391,6.637220,6.637220,158.477016
104.601317,0.010895,13.343869,6.161580,6.161580,154.851501
97.970306,0.012295,11.918570,6.305042,6.305042,143.803471
96.762079,0.013017,10.385818,6.460938,6.460938,136.677412
92.303536,0.006399,8.661526,10.171226,10.171226,134.106504
93.825520,0.008453,12.113320,5.801297,5.801297,135.528485
93.640845,0.009188,9.983020,5.196729,5.196729,142.625683
92.995240,0.010571,10.516956,5.952212,5.952212,138.409632
92.018198,0.005253,13.099821,5.568096,5.568096,141.974395
98.892674,0.004480,9.437940,5.545723,5.545723,138.766515
95.119264,0.005017,10.856658,5.319471,5.319471,144.198739
101.211534,0.009088,11.941293,5.893393,5.893393,157.646306
89.802481,0.019231,9.757354,4.905619,4.905619,136.103746
109.241366,0.021002,11.596762,5.545351,5.545351,162.464813
92.875524,0.017386,12.016311,5.274206,5.274206,153.216083
91.333449,0.016813,13.478617,6.956168,6.956168,162.037652
93.634129,0.022140,12.880101,6.225452,6.225452,170.946085
89.393913,0.015417,16.719428,5.364138,5.364138,177.465872
88.866726,0.018630,14.915582,5.963794,5.963794,169.693100
89.372883,0.017884,15.000216,6.409086,6.409086,168.291815
84.822233,0.017139,16.162978,9.579920,9.579920,166.939120
86.261667,0.016264,15.125255,6.717338,6.717338,169.316847
85.177261,0.017355,15.262867,6.591917,6.591917,173.752389
87.164082,0.013692,15.781366,6.227267,6.227267,176.371223
88.304142,0.014667,15.743404,5.840645,5.840645,175.988216
87.739067,0.015924,21.006915,6.810643,6.810643,181.727018
86.418280,0.023450,18.894029,6.177323,6.177323,173.985480
91.990358,0.008753,15.651745,6.604240,6.604240,181.495964
99.678621,0.010866,17.161977,6.193448,6.193448,181.438219
105.563831,0.012468,17.410958,6.367273,6.367273,189.425142
109.627582,0.014800,17.749456,6.848274,6.848274,202.115492
105.822195,0.012283,18.788155,7.435314,7.435314,185.268822
103.864970,0.008486,18.522615,7.341962,7.341962,195.348172
111.538550,0.018146,23.519680,8.000454,8.000454,220.250632
129.227065,0.020421,28.398636,7.333966,7.333966,252.822196
111.154874,0.038023,23.967707,8.476467,8.476467,224.742568
119.805106,0.025985,24.422014,9.242110,9.242110,237.884196
114.840058,0.029436,24.191813,8.173401,8.173401,272.923376
113.639018,0.022560,23.268455,8.653213,8.653213,225.420321
110.412794,0.043517,19.311861,8.887824,8.887824,204.823700
110.408226,0.026832,17.535960,7.742628,7.742628,199.056406
103.727559,0.022224,15.936384,7.040755,7.040755,179.253885
109.816749,0.015262,11.802701,5.702593,5.702593,169.217710
111.288232,0.013180,12.020427,4.468626,4.468626,166.884678
99.511753,0.018056,14.842336,4.396822,4.396822,161.630768
100.113968,0.019693,11.994844,5.262411,5.262411,156.797141
103.362920,0.026714,14.789780,3.776003,3.776003,161.391953
146.058356,0.029191,16.125381,4.684748,4.684748,202.263693
102.023260,0.019642,10.185752,4.184843,4.184843,150.078948
106.459464,0.017330,11.661502,4.731025,4.731025,159.325024
101.281682,0.025441,15.006079,4.673480,4.673480,158.469026
103.714932,0.023107,12.708402,5.377918,5.377918,184.000142
109.162395,0.036120,13.862601,5.071990,5.071990,169.365126
100.344666,0.032280,14.060870,9.214427,9.214427,166.893509
103.977519,0.018219,14.674049,4.991027,4.991027,174.972781
104.286777,0.027673,15.977037,6.975515,6.975515,173.669985
103.168232,0.024464,19.904916,7.047392,7.047392,197.506045
102.266697,0.029031,13.774542,4.417989,4.417989,175.306225
101.038499,0.029789,14.300199,5.451640,5.451640,175.292688
99.798207,0.024577,18.223782,5.549738,5.549738,172.269861
97.140938,0.020717,12.492103,4.843728,4.843728,167.133123
92.972195,0.029187,13.130353,5.774865,5.774865,166.163690
91.912707,0.015408,13.141686,5.007369,5.007369,174.463917
91.780392,0.012223,14.170001,5.560016,5.560016,194.596947
86.513610,0.021417,13.446783,7.037847,7.037847,186.167865
88.060603,0.015400,15.178568,7.119004,7.119004,179.056363
117.523577,0.027402,18.003338,8.922951,8.922951,250.696689
91.449205,0.022243,15.882309,9.943099,9.943099,203.701426
86.910893,0.015202,20.087063,9.449725,9.449725,195.031060
88.358316,0.018131,21.316907,10.447773,10.447773,211.908989
90.040137,0.022385,23.048369,11.280124,11.280124,199.542021
95.803694,0.024569,23.368156,11.836383,11.836383,231.463944
99.570840,0.038644,29.496552,13.009346,13.009346,226.061900
99.762893,0.048234,20.696750,11.584664,11.584664,211.549539
91.421305,0.027709,20.350510,15.470369,15.470369,208.891073
102.719279,0.022766,22.634144,12.508741,12.508741,232.109969
103.695022,0.018424,21.877105,11.368573,11.368573,245.166607
103.435206,0.014898,21.343153,11.449755,11.449755,221.370611
100.914499,0.006359,21.160691,11.593752,11.593752,221.126406
106.268093,0.008951,22.052572,11.078647,11.078647,278.493796
92.932379,0.018830,24.034928,10.803002,10.803002,232.131087
85.101471,0.017256,20.332722,11.295117,11.295117,224.916440
86.312964,0.033927,21.205390,11.512362,11.512362,213.363711
86.145805,0.027463,26.659974,13.926207,13.926207,197.310579
88.974221,0.030103,26.548732,12.261522,12.261522,208.792872
92.586096,0.024281,23.648963,12.217537,12.217537,213.040885
94.823521,0.028007,22.706414,13.029859,13.029859,201.581983
97.524693,0.022851,27.018919,12.557211,12.557211,219.733619
95.908860,0.024917,27.631582,13.886589,13.886589,209.810712
100.664219,0.029708,32.237333,11.655262,11.655262,214.876833
96.136694,0.023732,24.086419,12.753961,12.753961,214.593485
99.864244,0.027739,24.641420,11.083076,11.083076,210.151282
99.221280,0.021981,23.611013,11.556901,11.556901,206.786327
93.193626,0.019906,22.471208,11.449937,11.449937,193.730543
93.671723,0.018203,27.503185,12.358253,12.358253,203.546918
89.205938,0.016882,19.523852,12.087693,12.087693,182.586915
88.050719,0.011715,22.509101,10.393589,10.393589,174.109924
86.306935,0.009948,16.622786,11.523846,11.523846,174.566103
79.126276,0.012472,17.170569,10.842399,10.842399,162.397567
77.848585,0.008026,15.955433,10.926374,10.926374,153.041065
75.960972,0.004639,15.719612,10.245159,10.245159,151.728801
74.824222,0.009874,15.081818,7.527866,7.527866,146.857318
77.194498,0.010466,15.645714,8.145547,8.145547,150.892433
70.275317,0.007125,11.749730,7.434713,7.434713,137.363674
70.429814,0.009201,11.051575,9.042533,9.042533,130.330292
68.055220,0.008900,10.554859,7.266732,7.266732,126.409063
84.593735,0.010404,11.071341,6.416977,6.416977,146.229608
54.606902,0.013667,10.577843,6.931518,6.931518,115.564129
55.639254,0.017844,10.373022,7.154923,7.154923,123.378751
53.084033,0.017559,10.415174,11.833261,11.833261,115.077305
50.260673,0.017780,9.611915,7.989569,7.989569,121.143887
69.243964,0.019896,13.298767,7.756120,7.756120,133.282161
41.533724,0.011822,7.355745,6.062839,6.062839,93.536249
38.491403,0.011154,7.328027,7.127151,7.127151,86.040911
35.938230,0.006181,6.446613,6.047454,6.047454,75.419616
35.137142,0.008809,6.007274,5.293683,5.293683,74.052767
41.584256,0.003780,5.278925,5.711227,5.711227,70.228382
37.340135,0.002498,5.128093,5.769146,5.769146,67.072383
39.757779,0.002747,4.914202,5.646010,5.646010,69.334467
33.499525,0.002416,5.263786,6.160980,6.160980,69.095537
40.145208,0.002718,5.029738,5.508787,5.508787,72.127087
35.865775,0.001984,5.156310,5.794072,5.794072,63.842421
37.877246,0.002533,5.320507,6.142179,6.142179,69.057839
34.252318,0.002031,5.714436,6.584588,6.584588,70.128373
33.771788,0.001939,5.109699,5.964689,5.964689,62.385473
41.984502,0.001759,4.916907,5.519455,5.519455,74.240168
33.462881,0.001813,5.015646,6.215806,6.215806,71.878907
37.148816,0.002762,4.841039,5.813658,5.813658,67.062014
36.493726,0.002125,4.713495,7.103752,7.103752,65.747208
33.964797,0.001572,4.515644,4.100655,4.100655,59.778241
41.769442,0.001833,4.440289,5.398020,5.398020,68.912793
34.581102,0.002000,4.819826,6.034992,6.034992,65.315949
38.037370,0.002092,4.547359,4.330410,4.330410,64.923582
35.478618,0.001434,4.381218,4.437244,4.437244,62.252226
30.914598,0.001829,4.297354,4.545629,4.545629,58.140435
46.335649,0.002801,5.720276,6.219895,6.219895,89.115231
49.479721,0.003046,5.544848,6.245426,6.245426,88.642766
28.669652,0.001576,3.628710,4.158787,4.158787,53.808980
33.199747,0.001446,3.961855,4.222496,4.222496,61.409056
32.710333,0.001934,3.942251,4.256848,4.256848,58.840162
42.375672,0.001877,3.982593,5.022637,5.022637,74.967515
27.988451,0.001867,3.775996,4.156969,4.156969,53.717656
29.068552,0.001595,3.662543,4.234921,4.234921,54.664999
28.222835,0.001864,3.616750,4.234087,4.234087,53.549906
27.802470,0.001610,3.518840,4.036706,4.036706,52.117826
30.129040,0.001269,3.408535,3.975448,3.975448,56.379108
58.903940,0.001591,4.081688,4.063700,4.063700,84.544990
27.422144,0.001659,3.347505,4.107187,4.107187,51.970878
59.360072,0.001887,5.888684,4.451146,4.451146,88.365597
27.207366,0.002012,3.332876,4.134040,4.134040,51.964310
27.582176,0.001894,3.486755,4.075837,4.075837,52.532650
28.113872,0.002027,3.764565,4.317136,4.317136,53.996493
56.513339,0.002698,3.453993,4.167468,4.167468,81.752990
34.290994,0.000907,3.831264,5.562670,5.562670,61.572493
29.277668,0.002016,3.699181,4.246180,4.246180,55.196465
33.222262,0.001144,4.752472,4.096511,4.096511,61.874732
28.768320,0.001915,3.264974,4.304739,4.304739,53.915395
26.911201,0.001237,3.187007,3.518899,3.518899,55.048523
26.865208,0.001355,3.445307,4.013273,4.013273,52.088558
33.051912,0.006411,3.900986,4.041664,4.041664,59.536125
28.665534,0.009176,3.847637,4.734757,4.734757,60.294142
31.716022,0.009250,4.067422,3.812478,3.812478,67.127305
43.229526,0.015692,4.998533,4.098912,4.098912,78.741166
58.249750,0.006780,4.699497,4.110832,4.110832,94.327486
29.612157,0.012017,5.110960,4.260356,4.260356,67.450217
30.738970,0.011724,5.322576,5.031111,5.031111,71.278906
30.705674,0.011182,5.668585,4.534278,4.534278,73.052839
26.560653,0.007108,6.008909,4.889548,4.889548,66.958098
26.136969,0.010183,4.954241,4.407300,4.407300,69.894569
30.196575,0.040055,7.036518,4.233274,4.233274,68.748676
35.402389,0.005956,6.170967,4.190107,4.190107,74.512615
37.294087,0.004152,7.510272,4.261281,4.261281,81.411817
37.495173,0.010641,5.674257,4.849090,4.849090,82.582485
36.807792,0.004762,7.514077,3.972996,3.972996,77.977054
36.509225,0.005277,6.603398,4.271876,4.271876,77.655520
48.126874,0.003180,5.652325,4.201340,4.201340,84.109101
34.294238,0.002811,5.432140,4.005815,4.005815,69.286593
34.933772,0.003973,5.336320,3.956599,3.956599,68.695767
36.841224,0.003002,5.355731,4.478922,4.478922,72.599055
35.682844,0.003662,5.136277,4.565766,4.565766,81.137962
35.063072,0.003928,5.171434,4.572901,4.572901,68.121205
37.001853,0.003946,4.918510,4.056116,4.056116,71.714862
36.947936,0.002540,4.845284,3.859055,3.859055,69.158088
35.285809,0.002065,4.594553,3.939306,3.939306,77.322904
39.354391,0.002053,4.334451,4.052833,4.052833,68.324949
33.950163,0.001654,4.170488,3.377203,3.377203,68.456749
33.160203,0.001336,3.977488,3.318802,3.318802,62.613958
38.617836,0.000840,3.638886,3.296751,3.296751,65.249499
33.750427,0.001297,3.558411,3.166283,3.166283,68.511695
35.551250,0.000646,3.647149,3.554877,3.554877,66.168776
37.649755,0.000790,3.294759,3.144861,3.144861,60.152338
46.184531,0.001579,2.643949,2.691631,2.691631,63.047071
35.037776,0.000780,2.585655,2.656372,2.656372,50.225391
40.637740,0.000262,2.565368,2.715766,2.715766,56.062850
39.850238,0.000216,2.781867,2.573703,2.573703,56.632112
41.176788,0.001985,2.980596,2.554457,2.554457,64.754975
40.886127,0.013294,3.350856,2.375716,2.375716,57.898318
39.409211,0.009304,3.845533,2.256256,2.256256,59.014416
38.967186,0.008552,3.869023,2.603884,2.603884,59.176458
42.489506,0.017277,3.726242,2.703301,2.703301,58.969084
40.698114,0.011323,3.904165,2.677554,2.677554,55.741863
43.993231,0.007506,4.442609,2.828369,2.828369,62.016604
49.292232,0.009875,4.404098,4.538148,4.538148,78.168346
61.908487,0.010794,7.064957,4.180801,4.180801,89.364065
69.317123,0.006373,4.275160,3.001252,3.001252,85.746916
50.287075,0.006129,4.468463,3.170671,3.170671,68.718592
52.251677,0.005112,4.150210,3.020314,3.020314,69.664605
51.734943,0.003653,4.221527,2.716270,2.716270,68.024014
54.613313,0.003495,4.333736,2.653455,2.653455,71.761052
49.749076,0.003377,4.456018,2.719252,2.719252,66.036398
49.319513,0.004493,4.371029,2.801052,2.801052,66.647820
46.077099,0.006881,6.957539,3.365083,3.365083,67.926872
49.470763,0.004188,4.289914,2.988881,2.988881,72.269207
49.911333,0.004113,4.351154,3.064208,3.064208,68.498416
51.071838,0.004510,3.914439,2.616565,2.616565,68.393017
53.778736,0.004282,4.001166,2.616908,2.616908,71.916609
63.951438,0.003859,4.716926,2.717074,2.717074,82.284604
57.476058,0.005235,4.305380,2.367783,2.367783,76.398296
61.200654,0.008945,4.345382,2.640366,2.640366,80.050893
60.221945,0.004884,4.361337,2.597370,2.597370,80.080840
54.909850,0.008341,4.598323,2.743704,2.743704,80.907545
62.700841,0.010220,4.446525,2.645780,2.645780,81.596402
53.348238,0.009143,4.161906,5.090949,5.090949,76.640285
50.057107,0.002920,3.938451,2.591978,2.591978,70.527532
65.673075,0.003269,3.774371,2.413409,2.413409,83.417374
61.546324,0.005734,4.061337,2.864121,2.864121,84.387768
58.778259,0.002414,4.078432,2.517853,2.517853,76.525648
57.369881,0.002077,6.829228,2.865646,2.865646,78.639996
61.951560,0.006382,4.227085,0.985307,0.985307,77.955654
55.261770,0.004121,4.191372,0.927888,0.927888,71.928488
68.373711,0.009890,5.377756,1.331284,1.331284,84.180041
68.913114,0.004420,5.708124,1.355920,1.355920,86.347807
74.849698,0.004102,6.051431,1.109096,1.109096,93.156318
66.022986,0.005525,7.111534,1.242506,1.242506,86.630310
73.315810,0.010153,7.571646,1.269093,1.269093,94.624661
66.190422,0.011538,10.523106,1.283332,1.283332,92.957609
68.143021,0.024679,11.283413,1.059925,1.059925,92.700650
101.571472,0.037973,10.278525,1.325417,1.325417,131.000887
54.483852,0.052361,7.385214,1.544344,1.544344,76.913484
57.651302,0.049230,7.527930,1.236265,1.236265,78.789040
58.897720,0.036676,8.089829,1.578947,1.578947,78.267694
58.925152,0.007501,7.894820,1.289292,1.289292,78.974391
54.255693,0.013369,7.865832,1.002561,1.002561,75.006796
56.350907,0.018330,7.719140,1.101046,1.101046,75.886185
57.881865,0.013587,11.380363,1.300411,1.300411,81.689905
93.142365,0.017390,9.720178,1.531966,1.531966,117.582551
65.343805,0.015349,10.207983,1.240889,1.240889,88.777484
60.616831,0.014134,10.444295,1.417717,1.417717,90.855016
68.601150,0.016878,11.237100,2.050357,2.050357,96.651115
64.972458,0.022270,11.184472,2.006939,2.006939,92.683895
65.418532,0.017811,11.979301,2.006500,2.006500,94.165298
70.198063,0.015603,12.215775,1.849793,1.849793,99.767909
72.067743,0.016882,12.129823,1.856247,1.856247,103.358971
68.954764,0.013468,13.306347,1.993804,1.993804,99.660424
72.477633,0.008913,12.400758,1.617080,1.617080,101.830288
70.415338,0.010541,12.666244,2.110827,2.110827,106.188981
102.412361,0.009048,13.195013,3.256107,3.256107,135.410910
69.129005,0.011643,14.853360,2.284787,2.284787,101.130543
70.667204,0.016382,16.992974,1.635021,1.635021,107.278992
68.267195,0.018267,12.887868,1.801758,1.801758,100.798659
69.431021,0.019495,13.700000,2.622311,2.622311,107.145074
76.266628,0.020716,13.998107,1.931707,1.931707,111.739428
66.073593,0.015133,13.213805,2.734935,2.734935,104.266878
70.792095,0.013331,13.287128,2.628600,2.628600,111.709135
70.364997,0.009671,13.296017,2.379146,2.379146,106.992430
71.715308,0.010406,12.543290,2.131644,2.131644,105.165746
66.111577,0.005810,12.530234,1.933527,1.933527,102.006180
71.104749,0.013798,13.505661,2.258989,2.258989,108.349586
70.359315,0.013986,14.737170,2.371943,2.371943,106.889229
52.859506,0.008968,9.867673,2.312130,2.312130,88.304799
50.959655,0.005707,10.002441,4.111531,4.111531,87.925269
55.892873,0.009894,9.525017,2.114805,2.114805,92.280164
55.508104,0.007856,11.602005,2.156345,2.156345,89.945388
56.013017,0.003798,9.349194,2.219175,2.219175,98.576633
53.383906,0.003475,8.092493,2.353485,2.353485,89.890200
51.462580,0.003742,8.319294,2.195885,2.195885,89.331859
50.269430,0.002603,7.182538,1.888061,1.888061,80.403568
52.512431,0.005473,10.698793,2.002079,2.002079,85.225313
56.148700,0.007280,8.528562,1.904907,1.904907,94.768938
52.315460,0.012956,8.437727,2.057317,2.057317,85.172336
46.161411,0.018761,7.148989,2.242750,2.242750,85.788307
46.576457,0.019243,7.904159,3.103257,3.103257,85.193717
46.257129,0.012663,8.646571,2.285460,2.285460,85.068170
46.227059,0.014735,7.360832,2.548320,2.548320,80.911349
48.364482,0.011076,6.785645,2.366633,2.366633,79.722663
48.113638,0.015513,7.008627,2.739073,2.739073,83.823355
45.805761,0.008891,6.886766,2.432553,2.432553,81.127108
44.599719,0.005649,7.662088,2.760108,2.760108,79.065161
43.541866,0.005584,7.909830,2.820762,2.820762,84.812297
45.625190,0.009123,8.442141,2.841255,2.841255,85.150963
48.732237,0.007192,8.017956,2.822675,2.822675,86.988382
44.771479,0.009952,8.285433,2.916667,2.916667,91.412506
44.859407,0.009176,8.264751,2.883688,2.883688,81.481415
50.953196,0.008121,8.194238,2.733363,2.733363,90.819481
50.972471,0.007695,12.566509,3.134670,3.134670,97.788250
76.457089,0.010075,8.426856,3.268532,3.268532,122.078748
51.675685,0.009774,8.773470,2.862490,2.862490,94.134241
51.763017,0.006948,9.394060,3.508882,3.508882,96.704732
55.411308,0.007027,8.218754,2.880745,2.880745,98.694210
45.178916,0.008928,7.358550,3.199188,3.199188,90.787006
47.767854,0.006868,4.951750,3.188584,3.188584,75.227601
42.962048,0.003276,4.713333,3.040321,3.040321,69.491286
53.632047,0.008092,4.666494,2.503749,2.503749,79.244538
50.707282,0.009522,4.365440,2.669218,2.669218,73.140543
45.400929,0.007365,4.833084,3.090023,3.090023,67.909828
53.066764,0.009380,5.019196,2.883225,2.883225,75.116414
37.646122,0.009455,2.416154,2.772617,2.772617,50.505089
35.240857,0.008095,5.581579,3.199155,3.199155,53.065926
43.976635,0.006998,4.235375,3.093143,3.093143,61.528097
51.120238,0.010541,3.989541,2.870704,2.870704,67.342273
40.570211,0.006867,4.484552,2.841183,2.841183,57.071947
40.636272,0.005975,4.993129,3.272439,3.272439,58.910643
44.825154,0.012156,6.729711,3.137323,3.137323,84.119669
48.155802,0.011513,7.316230,3.395095,3.395095,82.311041
48.393754,0.013563,5.816291,3.471520,3.471520,69.780633
48.592531,0.009470,6.319741,3.042259,3.042259,81.550902
47.129801,0.014441,6.846150,3.436004,3.436004,70.619893
56.784920,0.010968,7.394780,3.429428,3.429428,92.947454
51.015771,0.012780,7.327841,3.769882,3.769882,81.647472
48.731928,0.010452,7.604230,3.930219,3.930219,87.965654
53.008251,0.005284,8.005077,3.289386,3.289386,87.333949
52.820140,0.006705,9.097580,3.973269,3.973269,97.789595
77.169147,0.011271,10.174525,8.008098,8.008098,126.107860
51.601078,0.008870,9.364902,3.956201,3.956201,95.841027
56.823602,0.013804,9.848455,4.082911,4.082911,102.306609
52.433959,0.011639,9.735066,3.959643,3.959643,92.354971
78.692934,0.014606,10.636313,7.329484,7.329484,124.473560
50.222512,0.008254,9.240188,4.107318,4.107318,85.038306
51.265431,0.008502,8.861811,3.825350,3.825350,83.147540
54.310985,0.011406,9.131379,4.520425,4.520425,93.252530
49.151774,0.008885,8.184189,4.004668,4.004668,84.672409
50.299636,0.007157,8.020009,4.226826,4.226826,81.263347
52.554184,0.003299,7.368065,4.467536,4.467536,81.704369
49.911723,0.002774,6.799052,4.374359,4.374359,79.073394
46.953013,0.001411,10.895357,4.188922,4.188922,78.808987
49.332198,0.002271,6.753991,3.930043,3.930043,76.425188
46.996766,0.005796,7.090170,3.964691,3.964691,78.501354
50.305647,0.010683,7.310559,4.072364,4.072364,80.203200
45.923648,0.010958,7.956437,4.301209,4.301209,77.556897
55.640304,0.010750,8.176578,4.248278,4.248278,93.406743
75.395692,0.013547,8.062022,4.225180,4.225180,115.853943
56.337705,0.012624,6.735399,3.518131,3.518131,83.076619
49.562287,0.005949,6.213227,4.602074,4.602074,79.009784
42.765820,0.002179,5.241946,4.085199,4.085199,72.020521
49.369298,0.004574,4.231779,2.992705,2.992705,69.762837
46.821823,0.000463,3.238749,4.157179,4.157179,66.936273
48.558317,0.000869,3.341893,4.454968,4.454968,67.784341
52.056962,0.001060,3.577703,4.284009,4.284009,73.232500
67.131177,0.001068,4.133448,4.536529,4.536529,91.137000
61.558527,0.001462,5.270624,4.302175,4.302175,89.284501
71.331188,0.001377,5.450920,4.073855,4.073855,98.282645
61.924791,0.001883,5.395441,4.531001,4.531001,87.166244
63.747799,0.001559,5.398612,4.570230,4.570230,89.411272
65.098416,0.001597,5.119664,4.546904,4.546904,89.682928
78.888733,0.004639,5.463162,4.332931,4.332931,104.637165
57.107958,0.007824,7.607557,5.376255,5.376255,91.145242
62.230428,0.007956,7.480258,4.770578,4.770578,96.980087
57.413947,0.014266,9.793027,5.475093,5.475093,95.259978
68.356288,0.012583,8.106263,5.344907,5.344907,106.690188
81.092175,0.016380,7.307705,7.950186,7.950186,118.420734
72.939964,0.011858,6.867693,5.673685,5.673685,109.955856
58.520326,0.008232,7.915352,5.681341,5.681341,97.542056
58.966205,0.012034,8.242614,5.308808,5.308808,92.761998
65.452158,0.007035,8.495931,5.580366,5.580366,102.740895
57.324795,0.009192,8.751461,5.455026,5.455026,95.184412
58.270680,0.002950,12.336514,5.506518,5.506518,96.359242
59.969657,0.002429,8.321512,5.548550,5.548550,99.537321
57.439996,0.004621,8.364437,5.656157,5.656157,92.079996
57.962673,0.003360,7.478125,5.354008,5.354008,92.111680
53.687367,0.002857,5.868432,5.450791,5.450791,81.797859
55.328594,0.002078,5.604345,5.406502,5.406502,82.951137
56.612245,0.002367,5.419038,5.292192,5.292192,85.506736
58.147110,0.002621,5.186463,4.682001,4.682001,85.008047
58.758174,0.002961,5.278306,4.774169,4.774169,88.706229
63.851284,0.002303,5.122006,5.771316,5.771316,90.000574
61.423521,0.003148,4.669204,5.804609,5.804609,86.621390
64.120593,0.003863,5.005569,5.331801,5.331801,90.298262
65.789192,0.002083,5.586169,6.337868,6.337868,95.949500
66.269828,0.003168,5.024663,5.316670,5.316670,91.955814
62.642793,0.002539,5.506375,6.142616,6.142616,96.272104
63.135337,0.002725,4.892845,5.291082,5.291082,89.202832
62.456039,0.007558,6.077202,5.332891,5.332891,93.187458
61.290009,0.028645,6.935530,5.434103,5.434103,92.304720
59.185514,0.014066,5.682287,4.986556,4.986556,87.278375
53.534557,0.015472,6.037931,6.904376,6.904376,86.066316
63.327709,0.020542,7.334319,5.668830,5.668830,95.816773
64.625321,0.004352,7.275595,5.700015,5.700015,98.883211
64.999539,0.013246,8.387069,5.588548,5.588548,100.004516
66.003780,0.012432,8.861469,5.813837,5.813837,104.933895
63.595586,0.016016,12.025822,6.020829,6.020829,105.741372
66.314770,0.012436,9.300449,5.740451,5.740451,104.254841
65.426675,0.015340,8.685022,5.568420,5.568420,106.543935
69.802477,0.015783,10.293880,5.775605,5.775605,115.406681
60.995311,0.025254,7.782730,4.738144,4.738144,99.585423
58.730921,0.017841,7.122308,5.086971,5.086971,92.109231
58.538895,0.021767,5.888928,5.880484,5.880484,86.552218
61.508303,0.015559,6.232740,5.708765,5.708765,95.543613
63.581386,0.008392,7.631709,5.902109,5.902109,99.340691
61.615698,0.011383,6.282303,5.103728,5.103728,93.694654
61.266139,0.008158,7.421968,6.167720,6.167720,96.951396
62.909609,0.008792,7.071351,6.112280,6.112280,95.728123
62.680111,0.014037,9.627391,6.227234,6.227234,110.382163
68.174348,0.012668,8.358611,7.013767,7.013767,109.014516
61.481518,0.011368,7.835925,6.495723,6.495723,101.463336
56.046164,0.015508,11.446161,6.989126,6.989126,96.307173
60.871968,0.020880,8.872366,7.227188,7.227188,103.581452
60.089714,0.010585,12.163720,6.749209,6.749209,99.499165
65.947587,0.008595,7.805150,6.802882,6.802882,101.309001
65.565576,0.016925,7.894371,6.345076,6.345076,107.255690
65.030185,0.005474,8.041563,6.086345,6.086345,107.382812
65.191697,0.010402,8.605395,4.347993,4.347993,98.661386
65.011684,0.012116,8.749451,5.729850,5.729850,103.370169
69.494401,0.006137,8.752392,4.986520,4.986520,107.895710
65.742154,0.007097,8.990704,5.182404,5.182404,105.190433
64.482511,0.010449,9.255762,6.657037,6.657037,104.754166
62.358215,0.013421,12.070821,6.463221,6.463221,110.237956
71.425985,0.019262,10.183434,7.672301,7.672301,118.778081
62.730983,0.018652,9.524510,5.746188,5.746188,108.469259
60.807087,0.043448,11.165979,5.779100,5.779100,110.083110
62.707848,0.016618,9.999737,5.233571,5.233571,110.952836
62.222666,0.010909,10.552494,6.710293,6.710293,116.086993
60.543515,0.014890,11.837608,9.327477,9.327477,113.769429
60.470270,0.013287,10.345803,5.419174,5.419174,111.100394
60.198791,0.015585,10.660647,7.828979,7.828979,109.723377
59.064610,0.012437,15.178208,7.952214,7.952214,117.360441
62.087625,0.015223,11.399225,7.962598,7.962598,112.948027
60.480095,0.012822,10.563184,7.778779,7.778779,122.676564
59.351353,0.012955,11.969117,7.333652,7.333652,113.742513
59.873651,0.012819,14.240533,8.224993,8.224993,123.925088
62.694666,0.020233,11.512776,8.060228,8.060228,121.941807
64.910898,0.021072,11.536382,7.870031,7.870031,128.848536
60.144859,0.012918,14.447674,6.534124,6.534124,120.425723
70.407749,0.016514,11.279095,7.928263,7.928263,128.291760
63.077555,0.017067,10.785794,5.187794,5.187794,115.179250
58.299171,0.011234,14.765109,4.767532,4.767532,110.885740
58.198242,0.009307,10.402624,5.461575,5.461575,113.039431
57.982606,0.007914,11.331863,3.844383,3.844383,111.187610
60.101733,0.011939,10.703592,4.945565,4.945565,122.957524
54.109002,0.010834,14.055256,4.590118,4.590118,108.865496
54.270606,0.015706,13.043661,5.451091,5.451091,114.252987
53.525115,0.013929,10.497323,4.932445,4.932445,117.231588
59.202880,0.019614,11.497870,5.251349,5.251349,119.357638
57.155860,0.016125,11.540302,4.796261,4.796261,118.593973
56.180461,0.013044,9.374433,4.992295,4.992295,107.398820
53.349861,0.013187,8.929377,5.175185,5.175185,106.993141
57.137491,0.012109,8.238738,5.141898,5.141898,113.006363
59.812538,0.009151,7.840101,5.128793,5.128793,105.990174
53.285402,0.009987,7.864480,5.802638,5.802638,97.190612
52.928469,0.008438,7.533720,5.730297,5.730297,93.983080
55.914880,0.012230,6.998255,5.694407,5.694407,90.149996
56.465051,0.012161,7.642378,5.811401,5.811401,93.662052
53.614943,0.013166,7.230277,5.879630,5.879630,92.202552
61.192929,0.040854,9.150243,7.473293,7.473293,105.143331
57.085108,0.006718,6.831916,5.847234,5.847234,88.516493
54.344802,0.008689,6.975052,5.852660,5.852660,88.348705
55.130568,0.003500,6.268709,5.715040,5.715040,85.818010
50.321593,0.002875,9.251279,6.033901,6.033901,84.776555
56.384754,0.003206,6.296398,5.842858,5.842858,87.848831
47.788005,0.001920,5.287904,5.650721,5.650721,75.815733
83.692911,0.001861,5.801631,7.327543,7.327543,115.112916
56.358015,0.007320,6.073855,5.694845,5.694845,88.559416
47.748335,0.006490,6.440475,6.197396,6.197396,82.583632
43.133385,0.007758,6.387260,5.994580,5.994580,78.131882
50.665164,0.011514,8.317084,7.071605,7.071605,95.851240
43.219781,0.009109,6.817294,8.176148,8.176148,82.538987
43.468639,0.005571,7.462060,6.203804,6.203804,86.298703
47.118043,0.007356,9.173174,8.257434,8.257434,101.024087
46.163978,0.013202,7.624254,8.089471,8.089471,90.623696
50.016751,0.014483,7.975936,8.122593,8.122593,97.677297
45.597017,0.010278,6.972584,7.483270,7.483270,85.903868
45.171825,0.009180,8.535333,10.504556,10.504556,94.733368
46.305786,0.005006,7.771030,8.728980,8.728980,89.818397
43.246265,0.009602,7.354692,6.717908,6.717908,90.881436
40.959952,0.010350,8.896460,6.087264,6.087264,81.478796
40.512357,0.011781,6.941718,8.239095,8.239095,85.204413
44.053309,0.011784,6.715030,6.577221,6.577221,78.236418
39.166251,0.010100,6.292651,8.886284,8.886284,75.948046
41.332960,0.009966,5.619695,6.277154,6.277154,71.268495
37.718835,0.008853,5.135089,6.484921,6.484921,67.961098
39.767775,0.005148,4.893129,6.333143,6.333143,61.787984
38.239671,0.005581,5.494175,6.659098,6.659098,68.053769
36.858958,0.004323,4.940422,6.406565,6.406565,65.261177
35.753630,0.004623,4.930600,6.280066,6.280066,62.928915
34.996895,0.003509,5.169993,5.647659,5.647659,55.839285
32.958422,0.008421,8.334053,6.924285,6.924285,63.167077
60.146399,0.005027,4.942571,6.422234,6.422234,88.154632
33.998401,0.005399,4.233469,5.679262,5.679262,57.160137
37.229340,0.005732,4.674742,5.738615,5.738615,57.993007
31.611645,0.008376,4.863447,5.799804,5.799804,52.178754
31.029234,0.009176,5.894740,8.256107,8.256107,60.402988
34.178210,0.011130,4.859785,6.104373,6.104373,56.789108
33.711759,0.002618,4.859776,6.155179,6.155179,59.323229
32.597958,0.005943,4.786353,5.008714,5.008714,52.917906
31.607704,0.002358,3.882141,4.408158,4.408158,51.437866
36.569890,0.006570,4.264339,5.523064,5.523064,57.418484
39.052813,0.001088,4.810773,5.983785,5.983785,61.871561
38.466059,0.002251,4.568621,5.452476,5.452476,62.263274
39.814602,0.001956,4.612991,7.803791,7.803791,64.411977
40.640596,0.001777,3.703177,7.907727,7.907727,62.648151
42.048277,0.000802,4.101682,4.902659,4.902659,61.171850
51.203870,0.001203,3.528694,5.217655,5.217655,65.418425
44.495012,0.005303,4.702635,6.251478,6.251478,61.308507
44.740119,0.002203,4.192081,6.029689,6.029689,60.949837
45.652000,0.004023,4.829201,6.493928,6.493928,63.553859
42.882735,0.008150,5.114484,10.071536,10.071536,66.408768
43.969341,0.009681,4.711221,5.191085,5.191085,61.413290
46.038785,0.005768,4.610908,4.825440,4.825440,63.219959
51.325674,0.005969,4.464626,4.172799,4.172799,69.947847
43.896986,0.010181,5.059987,5.177105,5.177105,65.326083
43.060224,0.007057,4.309352,4.495241,4.495241,63.093766
45.561698,0.009968,4.520654,4.193332,4.193332,67.840895
40.942577,0.011883,4.500920,5.204109,5.204109,67.220253
40.463179,0.007185,4.443700,5.580780,5.580780,65.989660
39.073242,0.006027,3.955783,5.195549,5.195549,59.977254
37.721396,0.002910,4.074761,4.651760,4.651760,58.274228
38.813111,0.002735,3.584272,4.683670,4.683670,59.636735
35.819267,0.006365,3.761980,4.254985,4.254985,56.226985
35.609122,0.002225,6.390475,4.647918,4.647918,59.904750
35.072702,0.006730,3.770949,5.800448,5.800448,58.178013
41.408793,0.002875,3.832216,4.257866,4.257866,62.341975
35.831301,0.006171,4.048903,5.004410,5.004410,59.324636
37.825455,0.006771,4.691420,4.520820,4.520820,61.519917
38.751893,0.007448,4.608466,4.684467,4.684467,61.578072
39.984220,0.008371,4.661435,5.313165,5.313165,63.042787
46.583288,0.006352,5.326667,6.664495,6.664495,73.296533
43.114408,0.008021,5.497320,5.527266,5.527266,71.287409
45.136645,0.008668,5.629929,5.456971,5.456971,74.204958
40.635143,0.004359,5.977135,5.721222,5.721222,71.892137
49.342071,0.007589,5.437269,5.509651,5.509651,76.999457
43.397215,0.008350,5.437501,5.862296,5.862296,72.026961
46.303235,0.003683,5.028961,5.974627,5.974627,73.433548
55.081117,0.010171,8.134142,8.272891,8.272891,97.080333
51.489461,0.001590,5.451167,6.084762,6.084762,79.096779
45.291507,0.003057,4.076720,5.125724,5.125724,68.339735
45.915299,0.002338,4.112241,6.158203,6.158203,72.765336
50.109508,0.002966,4.295600,5.006833,5.006833,72.386792
77.771938,0.005090,5.106893,5.041987,5.041987,99.791362
48.409246,0.002575,4.355097,5.222359,5.222359,68.808519
47.863362,0.002876,3.954558,5.014417,5.014417,67.713674
44.959549,0.002820,4.019032,5.060656,5.060656,65.062628
46.096268,0.001975,3.378223,1.700432,1.700432,61.828089
45.351392,0.002810,2.956465,1.950393,1.950393,60.143712
45.471433,0.001792,2.899114,1.389771,1.389771,59.609548
45.088988,0.003414,5.108323,1.369717,1.369717,61.628030
44.130867,0.001585,2.747280,1.413235,1.413235,61.011360
46.249132,0.002021,2.727898,1.341301,1.341301,59.960947
42.874668,0.001899,2.681982,1.338239,1.338239,55.660389
51.225653,0.002420,3.601314,1.614393,1.614393,73.063078
52.129696,0.001272,4.865934,1.621702,1.621702,75.351737
50.023771,0.001963,3.014515,1.082084,1.082084,65.690214
43.238950,0.003796,3.803010,1.436540,1.436540,60.098029
42.069674,0.003456,3.341200,1.269696,1.269696,61.603500
44.613929,0.008532,3.876067,4.640889,4.640889,64.938857
44.036608,0.008933,3.952866,1.270221,1.270221,62.262134
40.271706,0.008258,4.123634,1.812304,1.812304,59.805259
44.873061,0.003626,4.133490,1.283422,1.283422,64.494418
39.606200,0.004460,4.657849,1.733128,1.733128,63.015924
75.079106,0.003619,4.271374,1.343390,1.343390,96.184652
41.752293,0.008617,4.021255,1.001456,1.001456,63.656384
42.298856,0.004924,4.302565,1.321452,1.321452,62.808028
51.327870,0.004356,4.366889,1.280833,1.280833,71.737078
38.452218,0.007689,4.369572,1.521367,1.521367,63.051654
40.180687,0.009854,4.607825,1.425970,1.425970,62.301613
41.047433,0.004586,4.449236,1.410371,1.410371,63.151050
42.117688,0.004962,4.705104,1.877319,1.877319,65.224850
54.565395,0.004667,4.718079,1.368443,1.368443,78.350297
43.769779,0.007766,5.387117,5.043654,5.043654,69.644326
39.755010,0.008630,4.686268,1.854491,1.854491,63.320685
47.848956,0.003040,4.759968,1.470530,1.470530,70.986845
49.395656,0.003525,5.353296,2.136632,2.136632,75.141564
42.914829,0.025999,4.801293,1.842210,1.842210,68.797759
40.859729,0.004921,5.446043,5.052957,5.052957,71.112570
40.203537,0.005824,5.195625,4.971210,4.971210,68.426751
40.308171,0.005723,5.830544,2.001210,2.001210,67.497717
39.193539,0.006787,5.644488,5.111814,5.111814,74.852725
51.550025,0.008925,6.567272,2.105754,2.105754,82.399375
42.973059,0.012737,6.930204,1.987343,1.987343,75.916818
52.113049,0.015048,6.453685,2.493363,2.493363,87.830176
56.673427,0.019346,5.298051,5.015253,5.015253,85.798860
42.263184,0.016927,5.042167,2.034543,2.034543,65.413742
41.448782,0.009141,5.083295,1.482475,1.482475,68.082613
39.638316,0.005928,4.967427,1.947290,1.947290,58.868155
41.382207,0.008763,5.449534,2.338855,2.338855,66.199662
40.536455,0.005968,4.945079,4.501719,4.501719,61.519425
43.563055,0.004178,4.496808,1.634543,1.634543,62.335080
45.750468,0.005754,5.549418,1.965593,1.965593,64.918981
41.238093,0.004818,5.871285,2.244571,2.244571,62.200903
42.415732,0.005892,6.098189,2.340007,2.340007,74.162735
46.295336,0.016005,6.822622,5.606087,5.606087,73.249079
46.008052,0.012350,6.450506,2.091719,2.091719,69.294931
47.131448,0.013860,6.602166,1.874994,1.874994,70.616314
47.659656,0.011444,7.719323,2.681397,2.681397,76.717399
45.286121,0.016330,7.270414,2.433468,2.433468,75.239288
54.021820,0.008612,7.289299,2.341088,2.341088,80.666562
49.474388,0.011167,6.916395,2.745047,2.745047,78.556118
54.685349,0.012490,7.346241,2.435604,2.435604,82.674555
54.167908,0.009792,8.009172,2.895289,2.895289,83.136449
60.063430,0.008070,7.908764,6.248046,6.248046,92.628958
75.989372,0.008113,7.198943,2.576454,2.576454,104.328708
65.350955,0.008410,7.821383,2.625414,2.625414,94.032222
64.646982,0.009519,9.530004,6.034650,6.034650,112.505578
68.707117,0.014148,9.816510,3.390617,3.390617,104.206538
68.420196,0.023256,11.076523,3.048102,3.048102,105.362228
63.766508,0.024763,10.826735,5.989552,5.989552,111.270557
61.200546,0.023991,10.915477,4.776355,4.776355,101.194469
66.458280,0.014840,10.955582,6.760952,6.760952,108.256750
58.562150,0.010555,10.627387,3.656425,3.656425,100.066424
75.305499,0.013919,10.997572,4.030392,4.030392,119.368480
63.471205,0.015505,9.795860,3.017292,3.017292,101.220114
64.228590,0.019181,10.566541,3.553170,3.553170,102.844002
60.849225,0.016319,10.552207,3.696114,3.696114,104.959904
70.657435,0.022813,9.730235,2.985670,2.985670,109.323848
70.152130,0.016736,9.928992,3.274161,3.274161,118.717906
71.332248,0.024029,11.102635,3.982339,3.982339,114.677146
70.508426,0.017566,11.517540,7.221699,7.221699,116.196469
64.639885,0.016958,13.311866,3.799186,3.799186,105.552764
67.523858,0.018915,9.736228,3.433019,3.433019,110.337358
61.719589,0.015113,9.543621,6.849124,6.849124,101.535472
70.526581,0.011572,8.164068,3.178945,3.178945,107.051559
85.784630,0.011570,9.576488,3.573800,3.573800,123.681516
61.912323,0.041839,10.878544,3.273749,3.273749,105.600778
64.738763,0.020153,7.386661,3.806260,3.806260,104.047784
58.191226,0.016975,7.198859,3.241286,3.241286,97.319500
61.857764,0.023146,7.250762,3.745002,3.745002,97.744671
60.890911,0.015155,6.865712,3.781572,3.781572,98.662471
67.867694,0.016801,6.369747,3.284371,3.284371,100.859411
80.189880,0.021854,5.265061,3.153795,3.153795,105.094026
68.067467,0.015626,5.443143,2.468411,2.468411,95.947142
70.906623,0.036369,5.386348,2.817710,2.817710,96.718154
73.678417,0.013847,5.893145,3.680421,3.680421,102.213526
72.056899,0.012899,5.771851,3.152136,3.152136,100.332494
70.999542,0.011021,5.232636,2.819616,2.819616,97.926529
69.932852,0.009611,5.811813,2.261280,2.261280,97.139974
74.684412,0.011846,5.043794,2.686848,2.686848,103.676452
72.743379,0.009869,5.560248,2.066556,2.066556,102.419835
67.030183,0.007883,5.478807,2.329008,2.329008,97.862746
76.028238,0.011368,6.195644,2.604343,2.604343,108.857372
68.157375,0.010221,6.901481,2.202667,2.202667,102.353817
70.797371,0.011081,7.404628,2.741895,2.741895,108.285991
75.920369,0.013243,7.627700,6.395377,6.395377,117.864675
63.106550,0.020152,7.906760,3.254418,3.254418,106.273211
64.285017,0.022035,11.740657,3.065772,3.065772,106.713310
68.167932,0.023643,8.101407,2.480915,2.480915,108.369031
69.208382,0.020587,9.161324,3.191277,3.191277,113.537396
70.626132,0.020963,9.457552,2.739284,2.739284,112.797233
69.379730,0.020202,10.647089,3.584281,3.584281,119.209149
70.719151,0.021097,10.015802,3.463961,3.463961,119.506333
70.581349,0.019806,9.409855,5.385609,5.385609,115.869883
77.983704,0.019710,9.175940,3.439492,3.439492,120.781769
77.870509,0.020857,9.591167,3.112301,3.112301,121.993578
80.974619,0.009129,11.673810,3.563262,3.563262,129.112665
80.421318,0.018785,10.707338,3.110315,3.110315,135.078827
102.258083,0.030883,43.607778,22.694930,22.694930,467.849384
102.711270,0.048582,38.989564,0.000000,0.000000,141.749776
105.972444,0.014444,40.020638,30.253504,30.253504,426.439493
107.194952,0.012681,43.245271,21.329866,21.329866,382.056363
102.875525,0.011217,39.319175,20.958056,20.958056,370.220048
100.147191,0.009496,35.166872,19.565509,19.565509,422.646572
96.616165,0.012944,33.842249,21.880600,21.880600,334.033605
87.218345,0.013400,33.847840,18.847347,18.847347,315.968555
85.138137,0.017978,31.347495,19.142922,19.142922,299.042054
79.860994,0.020795,36.784390,23.859156,23.859156,347.251813
80.740667,0.021603,30.254702,21.230290,21.230290,335.948998
83.415719,0.014601,28.199400,18.882221,18.882221,343.074156
85.204422,0.022748,26.810630,18.040560,18.040560,318.782650
83.843497,0.026318,28.990587,20.292614,20.292614,336.498402
87.495391,0.026949,29.103475,19.763097,19.763097,351.884283
81.927097,0.034833,29.043354,22.024172,22.024172,297.477737
80.114549,0.022258,25.352440,23.879380,23.879380,287.566726
75.880220,0.021508,27.520829,22.891926,22.891926,278.122426
83.155111,0.026369,25.020039,29.999262,29.999262,312.461380
79.139841,0.022592,27.231234,27.817706,27.817706,329.276113
78.874209,0.025246,25.792069,21.679906,21.679906,303.727871
80.522565,0.104849,31.113332,24.719934,24.719934,316.696095
78.689498,0.026954,28.355594,27.118167,27.118167,291.511139
82.117672,0.030351,27.873612,23.400345,23.400345,283.427001
73.174522,0.021650,34.945464,23.666661,23.666661,295.300745
74.996550,0.025579,33.624837,24.361448,24.361448,301.923675
81.458805,0.023253,34.503396,22.845072,22.845072,281.612293
80.405529,0.017117,32.986556,21.667171,21.667171,286.237384
80.957698,0.021343,31.362531,23.656600,23.656600,277.963189
86.070235,0.017799,35.215555,21.373799,21.373799,285.917058
85.385961,0.014903,27.797888,20.937288,20.937288,256.963125
81.174466,0.013448,27.592867,24.547946,24.547946,219.153509
78.067790,0.016671,29.106496,22.184712,22.184712,234.819295
77.059396,0.030600,13.550082,20.080289,20.080289,166.690253
77.524973,0.026110,14.096864,18.614873,18.614873,168.035808
97.639803,0.010322,16.473086,16.419408,16.419408,186.824588
70.585984,0.012417,16.582501,16.761529,16.761529,140.550788
72.157916,0.005347,14.693895,16.228029,16.228029,150.542384
75.288321,0.008679,12.087634,21.020795,21.020795,154.990526
73.281703,0.004466,11.549901,20.135564,20.135564,146.626727
75.268866,0.004632,10.922882,17.151948,17.151948,150.819315
74.338842,0.007566,9.781366,15.944257,15.944257,150.775327
74.498327,0.002824,9.065918,16.034744,16.034744,133.201078
74.504621,0.002040,8.993061,15.399312,15.399312,142.505703
73.815308,0.001909,7.680165,15.842511,15.842511,136.041829
71.107980,0.005830,7.464683,19.952642,19.952642,131.741921
75.004628,0.001719,6.994208,14.983449,14.983449,117.177605
70.995898,0.001348,7.019090,18.499947,18.499947,120.475455
66.000186,0.004157,6.879684,15.205850,15.205850,112.577498
61.582544,0.001331,8.315286,15.859189,15.859189,115.403027
55.834933,0.006239,7.219641,19.270086,19.270086,102.331934
59.715895,0.009357,7.877050,13.118766,13.118766,101.563493
58.239084,0.010780,8.247231,15.247429,15.247429,108.167816
59.791129,0.005106,6.851406,11.211065,11.211065,99.259208
59.016325,0.010121,7.492129,11.653187,11.653187,93.918301
57.478288,0.011982,6.021908,15.148282,15.148282,97.304561
59.464135,0.004766,6.779996,12.211307,12.211307,97.632536
57.920032,0.004207,6.670208,11.558681,11.558681,103.168684
58.273261,0.008608,6.032208,11.048369,11.048369,100.218278
55.474877,0.007549,6.678943,10.965788,10.965788,95.855912
57.236198,0.011556,8.754560,11.412958,11.412958,108.435893
65.208826,0.005420,7.188963,12.096446,12.096446,111.743317
56.351073,0.007500,6.562865,12.489108,12.489108,97.908878
53.199225,0.008266,7.369358,11.307354,11.307354,93.680313
53.230250,0.002676,7.130492,14.333178,14.333178,101.056762
60.571860,0.008250,8.647015,16.508093,16.508093,112.850022
66.075966,0.002256,6.006906,10.911473,10.911473,105.909851
58.417946,0.002211,5.404580,11.755007,11.755007,92.089691
61.802162,0.006084,5.076981,11.394066,11.394066,94.359967
61.355750,0.001744,4.936271,12.442684,12.442684,94.836933
53.239862,0.002170,4.786150,7.937510,7.937510,81.767320
61.235882,0.006614,4.719390,6.135578,6.135578,88.012248
66.469778,0.001172,6.302183,5.683195,5.683195,95.038043
55.645420,0.002237,5.719941,8.211547,8.211547,88.280209
79.166526,0.011320,6.947117,10.550935,10.550935,116.590704
50.339805,0.014205,9.154822,12.282594,12.282594,103.337989
48.492618,0.022621,7.500007,9.968606,9.968606,99.460620
47.777567,0.021972,5.466707,9.456502,9.456502,87.303570
52.599646,0.014891,5.427637,11.291018,11.291018,91.007822
50.579075,0.009845,6.642089,11.858768,11.858768,90.272169
49.466314,0.010034,8.022205,15.285440,15.285440,114.407147
64.427935,0.027671,8.552194,9.714293,9.714293,114.099355
74.582398,0.022842,7.087979,11.796354,11.796354,125.269154
52.179788,0.019012,10.547698,9.149001,9.149001,105.114579
51.772174,0.019369,12.646911,12.663783,12.663783,110.160163
50.401268,0.017909,12.415939,8.802494,8.802494,103.135613
52.640163,0.014881,11.915752,9.602767,9.602767,98.133336
48.903896,0.014314,9.396477,18.834762,18.834762,101.513146
51.495178,0.019319,14.209231,9.037055,9.037055,91.709263
49.824864,0.008094,13.625344,12.175083,12.175083,91.069788
56.660782,0.008677,8.745815,9.605770,9.605770,99.534083
52.002781,0.015033,8.768914,13.102664,13.102664,99.174682
53.173341,0.016654,9.728721,10.125487,10.125487,103.725182
51.168025,0.018514,8.782306,9.569566,9.569566,87.534141
77.707633,0.013131,8.980538,9.535550,9.535550,120.631659
49.888813,0.020125,8.403600,9.987904,9.987904,91.778871
51.744110,0.018741,11.758681,9.612007,9.612007,90.776338
53.999517,0.018477,9.933208,9.528118,9.528118,96.876679
56.893593,0.016220,9.420346,8.912178,8.912178,95.410923
54.536140,0.023448,9.421924,9.751392,9.751392,101.469938
56.501594,0.028420,10.606184,14.421415,14.421415,102.815181
54.515486,0.014551,9.065396,9.978467,9.978467,92.416983
54.401575,0.017240,7.781883,5.759162,5.759162,87.812722
53.040547,0.026520,12.661753,8.484135,8.484135,94.607091
56.846525,0.030828,10.192300,10.361990,10.361990,97.389245
56.131340,0.016182,8.852989,9.385793,9.385793,93.358477
56.529071,0.023713,10.491556,10.169062,10.169062,105.119997
53.921426,0.023816,11.753296,9.662341,9.662341,105.751613
63.439966,0.030020,11.880776,15.513867,15.513867,119.623918
48.374395,0.014369,11.584447,13.344081,13.344081,105.684059
47.391063,0.006951,11.635783,7.855322,7.855322,105.491508
49.186674,0.008237,12.408733,12.578229,12.578229,120.735096
46.364434,0.022305,14.660605,13.802092,13.802092,118.413694
52.017446,0.020515,13.318013,10.933542,10.933542,119.978314
56.372794,0.010740,11.964788,16.627328,16.627328,126.093798
49.108550,0.013859,10.558224,7.529621,7.529621,101.503455
41.383789,0.008024,8.167752,11.538197,11.538197,92.035801
47.726182,0.012314,10.147920,9.441561,9.441561,104.859330
44.596584,0.004798,8.959149,10.739174,10.739174,102.864925
55.104310,0.001760,8.582051,10.912186,10.912186,121.342377
46.443254,0.005751,8.370004,7.733446,7.733446,95.246556
45.811746,0.001269,9.103674,15.350845,15.350845,105.241296
47.572400,0.001456,8.538736,7.916264,7.916264,97.290882
45.089171,0.003436,12.136160,11.275964,11.275964,100.022621
40.591403,0.002545,7.974654,10.548315,10.548315,96.486265
47.441304,0.001620,8.621933,10.308616,10.308616,96.079193
46.438215,0.003433,8.406621,5.555529,5.555529,91.234192
49.350364,0.002997,7.732149,6.416948,6.416948,92.555819
53.406677,0.014496,8.372491,6.955780,6.955780,101.315662
55.005330,0.013050,7.657626,7.009739,7.009739,93.065683
56.196117,0.011317,8.508550,8.339018,8.339018,100.121597
53.642542,0.004594,9.838218,7.835567,7.835567,96.001563
58.299527,0.010223,7.128020,6.819209,6.819209,93.521296
91.115556,0.011743,9.437935,30.408677,30.408677,176.206199
64.313424,0.011660,9.621554,20.279388,20.279388,115.923650
61.371804,0.009050,9.636496,24.497985,24.497985,119.967211
59.024507,0.016623,8.892672,18.569879,18.569879,110.929527
58.293687,0.011345,8.958048,19.842772,19.842772,109.309583
59.067430,0.010279,9.880460,19.997261,19.997261,116.468474
57.022869,0.003828,10.027997,19.174429,19.174429,141.548792
63.274634,0.007981,10.577449,19.033411,19.033411,140.430502
61.862040,0.014473,11.279910,19.323429,19.323429,144.523902
60.231172,0.008805,11.335133,19.127462,19.127462,137.416347
65.522765,0.015525,10.125270,18.715450,18.715450,123.675041
71.648072,0.013187,12.128965,25.806017,25.806017,151.494353
71.049623,0.003349,12.819173,19.905668,19.905668,154.680868
73.144548,0.005557,15.767701,20.256640,20.256640,165.528641
69.993039,0.017647,14.457063,19.617290,19.617290,161.655503
73.464635,0.017032,17.834082,20.682853,20.682853,186.989657
73.660274,0.035669,16.399392,21.094211,21.094211,176.482303
73.937969,0.028076,22.516757,24.832519,24.832519,211.834944
71.319568,0.020325,21.571911,29.419188,29.419188,209.604663
72.759356,0.027030,21.430769,21.258860,21.258860,255.701630
75.389661,0.015849,21.510846,20.885844,20.885844,223.810841
74.844178,0.014523,21.168815,21.439006,21.439006,225.599111
76.169837,0.012448,20.527492,22.087199,22.087199,290.836101
72.957497,0.015537,20.666052,24.500733,24.500733,262.410269
70.385908,0.011055,18.691367,22.921681,22.921681,218.539215
72.700812,0.008646,12.887784,22.355794,22.355794,156.016145
73.313885,0.005353,18.994113,21.914560,21.914560,206.728611
77.015983,0.008510,17.880020,21.820356,21.820356,199.541288
76.443875,0.014102,19.902190,22.022063,22.022063,277.373698
81.540188,0.017353,21.976385,23.650764,23.650764,280.494690
80.778434,0.011543,17.296807,22.918070,22.918070,219.460071
85.711124,0.026036,20.095789,27.105922,27.105922,259.814766
82.977664,0.008901,18.284455,23.489744,23.489744,225.547598
82.079202,0.009820,17.629771,23.496732,23.496732,240.287643
88.980940,0.012836,23.316423,23.817596,23.817596,350.612311
81.499415,0.021738,23.102191,25.598782,25.598782,329.593433
81.512012,0.017509,24.864313,25.263716,25.263716,288.320834
82.676119,0.016361,28.073127,24.485645,24.485645,334.474057
83.452898,0.022324,20.671599,24.380878,24.380878,300.033008
119.978228,0.016059,24.984173,22.234684,22.234684,401.024201
113.486125,0.024637,24.863208,30.014027,30.014027,439.310049
93.045209,0.011207,26.216667,22.408852,22.408852,305.868988
86.707169,0.013923,21.555934,24.298959,24.298959,210.909062
88.408852,0.022633,22.761339,29.272685,29.272685,216.624071
90.120089,0.020820,20.033967,32.533326,32.533326,216.929663
92.062473,0.037391,19.097865,26.328816,26.328816,233.126903
92.207459,0.027852,19.302960,16.806490,16.806490,211.106705
92.165279,0.029862,21.300123,29.419617,29.419617,227.003107
88.752874,0.035373,23.945798,23.809683,23.809683,219.752996
86.489413,0.021721,21.825656,25.351986,25.351986,207.707133
83.456139,0.022086,20.044630,31.942393,31.942393,203.247810
87.836248,0.016994,19.202263,25.254335,25.254335,227.119812
89.358585,0.018992,16.845562,26.799464,26.799464,182.438821
83.174196,0.013334,26.150387,31.218023,31.218023,243.604323
83.108312,0.013430,24.334087,32.100159,32.100159,240.263172
81.942287,0.020455,27.662580,25.579098,25.579098,234.783595
86.542388,0.025408,27.242139,25.289747,25.289747,244.469630
84.609604,0.024370,28.201734,31.859679,31.859679,247.864549
85.188579,0.030515,30.012373,27.168642,27.168642,276.288554
86.905860,0.022930,30.975788,25.929842,25.929842,317.972766
85.956493,0.021941,27.466207,32.748415,32.748415,294.246376
85.693916,0.008977,26.335707,25.717615,25.717615,276.444232
82.270295,0.012887,27.205246,25.889491,25.889491,252.386181
78.394685,0.007134,29.868710,30.023638,30.023638,235.328059
83.357068,0.012277,25.101093,25.335404,25.335404,224.888408
71.811429,0.015614,31.373040,21.611396,21.611396,229.736975
76.989810,0.016011,25.683832,24.958604,24.958604,251.810284
75.124103,0.019603,25.912485,22.792203,22.792203,259.308840
72.269630,0.015313,23.574610,20.063376,20.063376,250.431133
75.050901,0.023547,35.129956,23.143639,23.143639,275.079963
73.967458,0.019106,25.174655,18.891858,18.891858,261.369972
71.294136,0.026399,26.924448,24.557184,24.557184,255.139444
68.905885,0.019312,24.720263,29.503493,29.503493,234.522076
65.826884,0.019963,25.230169,26.933914,26.933914,225.950264
62.879327,0.026235,24.980350,22.579284,22.579284,247.503243
65.149908,0.049338,23.768670,22.917717,22.917717,203.314743
61.532446,0.021737,24.710085,23.300722,23.300722,215.984557
61.762197,0.021345,24.991152,23.258759,23.258759,213.673857
63.732639,0.017274,26.850141,22.534415,22.534415,234.805665
56.317502,0.024554,26.714934,24.559951,24.559951,214.278051
58.495077,0.026622,27.586841,28.380752,28.380752,247.161872
75.591930,0.025903,27.286868,22.637245,22.637245,223.873193
56.119660,0.020501,26.319150,29.034215,29.034215,199.178969
58.350457,0.012787,27.049241,24.277487,24.277487,226.096275
67.221602,0.008606,31.922701,22.097471,22.097471,253.787396
71.548864,0.015825,29.141355,30.612620,30.612620,260.353526
60.388656,0.017759,28.787330,23.340122,23.340122,275.830534
58.732052,0.019940,27.330847,23.742664,23.742664,286.658638
59.082324,0.019940,25.709502,24.629025,24.629025,260.686123
60.231524,0.012981,26.103147,24.182667,24.182667,225.781545
55.571585,0.015728,27.700438,32.116924,32.116924,282.867306
49.552565,0.010412,21.566060,23.079394,23.079394,217.231277
47.664427,0.009209,20.271252,26.064894,26.064894,190.093053
46.030291,0.005756,20.929703,25.228254,25.228254,214.221248
66.404849,0.015695,18.949170,24.398872,24.398872,210.169188
43.794408,0.017606,17.568526,24.606945,24.606945,184.716265
45.106726,0.015959,19.132337,21.354150,21.354150,189.781757
39.828036,0.016234,15.494658,20.241585,20.241585,163.977372
39.239702,0.022263,12.115350,19.823594,19.823594,135.972826
36.703634,0.009044,13.788101,23.519590,23.519590,137.183858
38.245180,0.012120,12.713251,18.863019,18.863019,125.365614
40.633563,0.009884,12.398956,23.964729,23.964729,159.807358
35.953767,0.014702,12.208845,16.277273,16.277273,124.169970
37.716877,0.009763,17.173975,22.880974,22.880974,137.305741
36.881930,0.012634,12.663799,17.646963,17.646963,124.729746
42.713884,0.015416,12.351594,16.408772,16.408772,130.238435
39.173458,0.013816,13.425275,20.377593,20.377593,125.925939
52.492058,0.017537,8.239282,15.752027,15.752027,120.087012
42.097002,0.034262,11.572820,27.522006,27.522006,140.494784
45.153009,0.006397,9.981507,22.915816,22.915816,135.952075
46.914906,0.011205,10.355861,22.349581,22.349581,128.866284
46.846670,0.006565,10.583899,23.014423,23.014423,139.606443
45.820031,0.008286,10.489268,37.561691,37.561691,145.379607
44.803766,0.015064,11.710619,24.885587,24.885587,133.993206
47.410620,0.020675,11.661142,23.842923,23.842923,137.436288
49.260104,0.027311,14.025706,29.886014,29.886014,154.687282
50.416220,0.034726,23.728127,29.868795,29.868795,301.023845
52.899403,0.031993,24.276948,35.945044,35.945044,321.651027
78.177199,0.035936,29.576233,36.685325,36.685325,404.109144
57.285687,0.044794,27.117385,31.189039,31.189039,384.523903
77.913943,0.026875,33.331206,33.446941,33.446941,436.231693
82.899039,0.025758,44.361145,33.603006,33.603006,478.458188
76.304933,0.025155,31.646135,34.848122,34.848122,414.885934
73.163299,0.009721,30.094355,27.439819,27.439819,427.254745
75.747301,0.019661,28.475451,36.199782,36.199782,365.339685
68.859634,0.024739,28.839107,30.468802,30.468802,378.484880
66.881746,0.019021,29.608741,25.243980,25.243980,377.211688
82.845122,0.053620,31.595606,26.960313,26.960313,360.676664
65.507575,0.028803,29.910846,33.204836,33.204836,347.238860
60.373977,0.019273,37.001597,34.840970,34.840970,389.293062
60.628889,0.039166,31.776336,33.384935,33.384935,350.048121
58.534585,0.033863,34.228770,32.984676,32.984676,443.359622
63.535905,0.015790,37.596400,26.575263,26.575263,378.442556
101.437570,0.066989,47.799275,34.334278,34.334278,467.768158
67.756628,0.031704,39.528354,35.305765,35.305765,430.728574
74.996094,0.030630,36.573274,27.738637,27.738637,438.949421
74.231250,0.032231,41.935370,28.771983,28.771983,404.784350
79.598794,0.033597,32.981090,29.563693,29.563693,423.106014
81.247905,0.025257,40.424511,30.501967,30.501967,486.262614
78.417985,0.042412,45.466884,36.318198,36.318198,417.888472
76.896965,0.043647,38.777827,41.981383,41.981383,395.254821
99.855176,0.038110,37.564767,34.448159,34.448159,406.882465
78.045112,0.051407,39.732240,36.807927,36.807927,397.415346
74.310329,0.029099,34.333007,33.026596,33.026596,334.792246
70.192650,0.018078,34.069105,27.974490,27.974490,340.673417
81.364163,0.032016,29.048249,33.903721,33.903721,330.987514
83.433837,0.017892,27.907364,35.273383,35.273383,323.418902
80.461632,0.022018,28.201646,27.403367,27.403367,240.036786
86.139745,0.013264,29.956865,29.419208,29.419208,292.034715
91.526801,0.022550,24.253366,32.354388,32.354388,273.305336
81.392099,0.013034,31.127678,32.785480,32.785480,286.994645
108.183669,0.013317,40.539547,28.419377,28.419377,310.499502
85.028961,0.023552,27.709989,29.141217,29.141217,279.813924
85.838884,0.038289,27.584542,30.894121,30.894121,257.965587
116.722225,0.023937,28.280624,33.965420,33.965420,340.179942
78.590537,0.029694,25.909241,28.072660,28.072660,267.065262
83.399488,0.011586,27.619548,29.658918,29.658918,290.496082
79.992929,0.011544,26.653251,29.485239,29.485239,290.110595
72.981120,0.016843,23.408697,32.611659,32.611659,268.867477
75.093462,0.010459,22.273555,33.278020,33.278020,244.291554
77.950031,0.017559,25.287238,31.444225,31.444225,265.057528
80.636508,0.021796,29.708242,28.126067,28.126067,286.221022
87.578575,0.020940,30.063399,26.948925,26.948925,317.110890
86.620480,0.048036,28.351658,26.629365,26.629365,300.171485
86.489042,0.019305,32.988244,26.522229,26.522229,320.723881
89.416629,0.020759,34.047662,25.196889,25.196889,325.607730
87.180126,0.018181,34.639907,24.028745,24.028745,314.630392
91.862948,0.017819,30.167808,35.150742,35.150742,387.206278
86.948918,0.031331,31.839053,26.685579,26.685579,313.727245
80.632213,0.028710,37.863247,32.381413,32.381413,377.803945
84.188315,0.027595,39.783317,29.632495,29.632495,353.181573
91.775395,0.024325,31.348204,24.497746,24.497746,342.784159
84.370792,0.011170,39.699071,27.345458,27.345458,323.611446
86.797146,0.023692,31.239928,25.640461,25.640461,327.368531
83.901518,0.025016,34.422222,24.573803,24.573803,309.200368
89.332867,0.022221,32.882411,23.633498,23.633498,322.918868
84.362518,0.033306,40.218647,24.646917,24.646917,331.979827
86.619166,0.013745,38.299669,39.451462,39.451462,345.906387
84.122903,0.035444,37.458046,30.668014,30.668014,367.150583
79.382790,0.035907,35.779376,28.424683,28.424683,405.715532
80.323081,0.028045,33.743879,27.173878,27.173878,332.120002
98.271536,0.020023,45.999738,35.637705,35.637705,392.452037
91.171973,0.027113,61.392956,28.290777,28.290777,455.133076
80.001424,0.030015,46.625766,37.087521,37.087521,409.457453
81.615173,0.016179,55.368973,30.680755,30.680755,382.908147
82.465564,0.024376,42.938214,43.349051,43.349051,400.366390
94.185036,0.016744,39.675540,39.636956,39.636956,450.975547
99.169761,0.029052,54.012815,40.615930,40.615930,574.338893
100.773168,0.018039,48.219610,29.783906,29.783906,453.137062
97.383875,0.057319,50.363281,41.165199,41.165199,492.901357
115.845783,0.021883,46.003517,37.775123,37.775123,500.225417
95.782300,0.014749,43.193583,30.765804,30.765804,397.895597
80.881773,0.011205,33.151216,25.161243,25.161243,433.455038
67.959163,0.021394,28.128973,27.668130,27.668130,361.077838
66.339991,0.023162,45.659951,29.849677,29.849677,415.253912
68.335624,0.021403,36.092020,35.753177,35.753177,441.978453
82.916308,0.025965,40.910987,32.127513,32.127513,499.012200
79.149207,0.013191,32.845679,35.331069,35.331069,402.580395
85.941848,0.017427,34.686801,32.297974,32.297974,346.451315
84.887749,0.008383,27.590105,34.002429,34.002429,346.256919
86.488809,0.005087,30.078477,40.822166,40.822166,327.409431
105.979576,0.007984,28.875574,37.461694,37.461694,326.790800
90.209160,0.003328,26.460880,32.110577,32.110577,302.490840
93.986076,0.001594,21.885025,30.721955,30.721955,290.248819
84.772648,0.000639,20.260814,28.019704,28.019704,297.455827
105.281673,0.001405,17.037410,31.573575,31.573575,252.806732
83.763468,0.001251,14.978950,30.953985,30.953985,226.236080
89.767104,0.006605,19.497121,40.673296,40.673296,240.981778
89.069703,0.000894,19.008204,32.556347,32.556347,208.388452
98.970100,0.001160,14.660751,26.887458,26.887458,221.990203
99.749102,0.015615,16.742132,17.735572,17.735572,252.317549
100.770501,0.028418,15.902329,18.821634,18.821634,215.458245
98.652721,0.017227,17.188977,18.890580,18.890580,222.799132
96.742088,0.014328,17.934998,22.790789,22.790789,239.051813
97.938817,0.013486,19.602001,21.672354,21.672354,264.645107
97.354573,0.019033,20.028964,16.940134,16.940134,274.983118
136.682260,0.036889,25.642124,22.034017,22.034017,345.407969
119.972389,0.049237,19.712941,19.013774,19.013774,277.943554
99.064824,0.042806,17.696997,17.664331,17.664331,230.463010
96.882542,0.029766,21.953859,22.618546,22.618546,300.371862
113.334399,0.059174,18.000777,16.288118,16.288118,244.846695
93.560594,0.042176,17.042038,21.570474,21.570474,211.794036
92.756268,0.047435,19.093950,17.589112,17.589112,233.983736
94.428283,0.063779,22.367508,18.478224,18.478224,225.004243
102.253507,0.030533,27.548579,16.342793,16.342793,261.527413
98.658561,0.047616,25.009585,18.802077,18.802077,248.891057
99.195042,0.035378,26.652731,20.321405,20.321405,255.401826
103.784291,0.032163,29.561315,21.971730,21.971730,301.905161
103.102978,0.023598,28.375720,19.084498,19.084498,257.806485
108.056070,0.033019,33.026552,21.628318,21.628318,270.986898
104.140999,0.018833,28.216270,19.743642,19.743642,288.100953
108.852632,0.018496,32.526040,20.452591,20.452591,310.757545
108.231189,0.018863,26.997771,20.452727,20.452727,260.713646
105.347805,0.058042,33.776089,18.605499,18.605499,277.873769
97.608581,0.022065,26.513076,21.667991,21.667991,246.521858
97.128142,0.011342,24.738254,17.146358,17.146358,238.210905
117.498570,0.017244,28.549916,23.326244,23.326244,275.785686
102.595654,0.026316,29.440406,20.853051,20.853051,280.272362
109.301790,0.030873,28.616251,18.455780,18.455780,272.993187
97.907700,0.038032,34.732837,24.487696,24.487696,273.574591
94.426665,0.049623,30.221155,23.483962,23.483962,270.057275
94.384247,0.034614,29.675186,21.131800,21.131800,335.374995
94.104505,0.038562,27.202367,27.658115,27.658115,353.690692
94.211584,0.042410,34.237340,30.122632,30.122632,337.483907
94.687280,0.038573,27.779183,26.077901,26.077901,312.235738
92.143046,0.032087,28.573485,30.743245,30.743245,321.961692
88.973636,0.030836,28.127970,24.718018,24.718018,304.788936
89.670802,0.040974,24.229347,27.549287,27.549287,293.638648
81.227064,0.037292,25.335220,25.831192,25.831192,315.987053
77.955647,0.050630,24.028458,26.091625,26.091625,339.906766
79.565563,0.049155,22.277185,36.317123,36.317123,288.999732
82.351920,0.027057,20.892362,27.019779,27.019779,284.724383
75.602692,0.027624,24.606532,26.047669,26.047669,275.337667
72.703237,0.018019,20.984705,26.773501,26.773501,286.563732
78.389415,0.037191,22.840587,27.408899,27.408899,265.422505
73.309861,0.021535,21.595189,31.445076,31.445076,334.691303
77.878680,0.020745,23.964767,29.143722,29.143722,290.958158
72.988365,0.022112,24.080267,28.445622,28.445622,276.762156
71.933600,0.034101,23.061363,27.134870,27.134870,292.042801
58.772320,0.031191,23.225337,35.494249,35.494249,262.411467
58.991556,0.037135,22.525658,29.635025,29.635025,287.343942
58.260271,0.023258,20.169882,31.977313,31.977313,281.979344
64.031352,0.026133,19.725499,27.572101,27.572101,282.693865
66.147848,0.018749,23.592189,33.357096,33.357096,280.188450
65.192987,0.011489,19.447789,27.224139,27.224139,261.692816
59.061340,0.017919,22.948501,31.013988,31.013988,270.573193
57.005950,0.023711,19.969074,28.153634,28.153634,306.608420
59.166305,0.018264,19.553031,29.160400,29.160400,269.411060
56.791958,0.030649,22.963207,31.730548,31.730548,247.565345
57.230732,0.011356,19.120087,30.064663,30.064663,251.878625
66.440941,0.023877,20.190699,47.258746,47.258746,281.423143
65.535301,0.016056,24.519749,38.361186,38.361186,287.683144
59.874167,0.015731,27.539914,31.041978,31.041978,296.693238
64.482900,0.074117,25.757824,35.638805,35.638805,274.345325
60.036776,0.014709,23.040290,32.076646,32.076646,287.198638
68.766633,0.015429,23.730944,30.475448,30.475448,293.364044
60.537182,0.017776,23.511763,35.481795,35.481795,293.350791
61.473732,0.022539,24.762105,35.669714,35.669714,262.182988
62.005925,0.021365,26.377808,39.416291,39.416291,267.678137
71.048482,0.016814,21.920560,33.989472,33.989472,247.171807
61.444636,0.019853,22.499775,31.194632,31.194632,233.332935
53.660757,0.015529,19.074188,32.155536,32.155536,199.677633
54.529617,0.012974,20.371331,36.441469,36.441469,210.302628
57.263476,0.006734,22.193595,33.093993,33.093993,243.171117
49.121937,0.013119,17.851626,31.976115,31.976115,199.298740
49.415269,0.010357,12.027839,38.876899,38.876899,146.296083
44.831626,0.008229,16.432067,29.745445,29.745445,152.561945
45.469399,0.015862,10.658194,28.870368,28.870368,106.350017
43.051123,0.026980,12.784394,28.977739,28.977739,104.863711
44.047673,0.022166,13.980000,31.134627,31.134627,153.614350
43.513260,0.006363,10.561260,30.076767,30.076767,119.911988
42.612912,0.007944,16.955327,31.534086,31.534086,137.179570
39.883431,0.011139,13.569913,28.506291,28.506291,128.002773
45.562569,0.009097,13.424183,35.309345,35.309345,145.760228
42.727738,0.012988,13.372141,30.050359,30.050359,134.311444
43.829768,0.011814,12.874563,29.343702,29.343702,151.876236
39.891378,0.009427,14.699530,31.798291,31.798291,142.011957
48.241915,0.005129,15.816727,36.028981,36.028981,156.739991
42.665683,0.012372,12.845518,28.618152,28.618152,138.197549
39.417334,0.015589,13.217041,29.365996,29.365996,151.681926
36.525261,0.010944,14.675151,39.624617,39.624617,154.857215
32.350746,0.010160,14.504465,30.869338,30.869338,166.650211
31.783768,0.005593,13.844258,28.700076,28.700076,114.156039
28.793651,0.002610,12.603601,28.004782,28.004782,126.400006
33.659216,0.008607,14.370406,30.037379,30.037379,156.071659
29.470454,0.012040,17.904022,30.455574,30.455574,155.472058
37.571625,0.005145,28.833019,34.688079,34.688079,276.544295
44.540981,0.005676,26.551259,41.765554,41.765554,371.278238
50.967254,0.001633,27.748538,43.094815,43.094815,397.817041
59.930291,0.007397,28.946496,36.105297,36.105297,447.930502
60.104005,0.007606,25.917976,33.476146,33.476146,430.056478
62.041628,0.002827,28.868890,28.445894,28.445894,422.871402
64.011846,0.012074,28.756067,36.088638,36.088638,452.061422
85.533029,0.016699,34.668247,35.391515,35.391515,563.139633
93.724533,0.010778,41.475615,40.369931,40.369931,600.953741
98.754351,0.012461,33.824824,31.585260,31.585260,568.437253
98.096764,0.013060,38.405244,29.431418,29.431418,564.171178
93.518899,0.014145,34.658130,30.777586,30.777586,534.797098
95.303847,0.025222,35.561800,33.143023,33.143023,503.900786
90.146765,0.022244,34.493041,35.720787,35.720787,526.748296
88.704287,0.016995,37.928391,34.754413,34.754413,488.411439
83.516723,0.015447,35.523695,36.091312,36.091312,490.400325
74.576481,0.010339,42.592949,29.383184,29.383184,477.394177
65.200417,0.048884,37.016928,37.785449,37.785449,466.079377
51.459453,0.027761,31.166521,32.469018,32.469018,426.330718
42.013017,0.028171,26.708369,43.890693,43.890693,405.440677
41.736802,0.011585,30.700674,46.625336,46.625336,445.410982
46.597807,0.012472,26.914400,35.066647,35.066647,383.078183
54.415827,0.005316,27.221394,43.822143,43.822143,412.531461
38.597312,0.015049,32.925897,36.768538,36.768538,372.596286
44.118901,0.021185,23.580550,41.229935,41.229935,374.427208
28.198353,0.010960,20.054171,33.773109,33.773109,271.583082
25.957009,0.002161,22.710344,32.022486,32.022486,241.365582
28.597387,0.004151,15.752508,38.245713,38.245713,145.410064
24.848628,0.000964,10.967699,31.057150,31.057150,110.794111
27.593725,0.006011,13.931393,30.833343,30.833343,128.937980
31.620561,0.000584,13.040515,30.210344,30.210344,134.911478
25.350848,0.000571,11.222111,29.744223,29.744223,117.255743
24.501899,0.000549,10.818760,29.638854,29.638854,109.071222
24.253483,0.000921,12.590096,30.130894,30.130894,134.000223
24.216733,0.000571,11.558281,29.970426,29.970426,121.600256
24.451700,0.000967,11.989240,32.153258,32.153258,133.077285
25.991608,0.000818,11.601167,29.261611,29.261611,110.213725
25.404343,0.002301,12.137761,30.914317,30.914317,105.478263
26.524533,0.004867,10.024942,29.546517,29.546517,108.777632
29.598198,0.001216,9.936269,29.935257,29.935257,107.343746
37.443935,0.003399,9.702853,31.702746,31.702746,134.305888
25.363266,0.000720,10.326786,29.426225,29.426225,104.231693
26.003597,0.004003,10.508370,30.071344,30.071344,105.708338
25.340038,0.001197,10.199803,30.051371,30.051371,112.142946
25.084573,0.008479,10.371692,34.051620,34.051620,111.797530
