#Stereo rect[ms], MP culling[ms], MP creation[ms], LBA[ms], KF culling[ms], Total[ms]
0.101969,0.014314,1.294191,0.000000,0.000000,1.411595
0.101775,0.033014,1.052208,0.001830,0.001830,1.190851
0.432711,0.046220,3.790198,0.113158,0.113158,41.722396
22.352205,0.146022,6.085256,0.359478,0.359478,96.777881
23.328266,0.117949,7.115284,0.780170,0.780170,119.577257
25.931989,0.112286,10.220242,0.936177,0.936177,126.443139
23.463197,0.106977,9.696582,1.203765,1.203765,135.520328
21.952388,0.107928,10.324139,2.211300,2.211300,148.396841
22.475515,0.068195,9.581529,1.507697,1.507697,155.874795
28.318722,0.059053,24.009228,3.296193,3.296193,214.437579
5.696367,0.065533,7.023363,2.371220,2.371220,155.412554
5.753468,0.040384,7.525363,2.435905,2.435905,144.273101
5.716119,0.059610,7.619959,2.905414,2.905414,159.684688
7.910345,0.023739,7.164233,2.640029,2.640029,161.396729
5.791436,0.014755,8.421502,2.892573,2.892573,161.348200
6.356816,0.018414,9.350842,3.516166,3.516166,140.070996
6.134544,0.016248,11.784604,4.904448,4.904448,178.867530
6.052693,0.011496,12.717307,2.952264,2.952264,181.370564
5.923851,0.019157,8.214627,2.862342,2.862342,137.761819
6.257688,0.033109,8.821889,7.744602,7.744602,128.062242
6.067218,0.022034,8.172313,6.797839,6.797839,123.601032
6.269658,0.029121,9.170228,3.163700,3.163700,157.977427
6.624433,0.022791,10.811344,4.162174,4.162174,144.828424
6.369004,0.027873,9.871257,4.139842,4.139842,173.739773
5.967529,0.069571,11.642301,4.528263,4.528263,184.051403
5.748750,0.058176,14.036673,3.702215,3.702215,214.233161
5.930109,0.029814,8.368271,4.254147,4.254147,178.441349
5.868711,0.013287,8.742819,3.159842,3.159842,177.079604
6.954971,0.037955,10.853713,3.426458,3.426458,164.032002
6.668598,0.021872,10.285277,3.992049,3.992049,141.839194
6.750562,0.028232,10.476466,4.383793,4.383793,203.691630
6.438253,0.027526,9.790998,3.993922,3.993922,167.003882
6.266477,0.035712,10.224207,3.822741,3.822741,146.770088
6.617237,0.039934,11.050873,4.612234,4.612234,161.370658
6.559222,0.045112,10.165400,4.033059,4.033059,148.996239
9.886418,0.053463,13.987338,4.313141,4.313141,161.482856
5.921200,0.020729,13.199497,4.356567,4.356567,201.410903
5.910451,0.021668,8.747968,4.342362,4.342362,194.778617
7.943003,0.022700,9.309756,3.910365,3.910365,189.876708
6.261258,0.016787,9.366177,4.046529,4.046529,206.211211
6.391411,0.019264,13.955461,4.143986,4.143986,194.499784
6.796032,0.019504,12.181815,4.583465,4.583465,186.280732
6.649811,0.012340,11.405777,4.786092,4.786092,200.800797
6.795309,0.031044,11.485581,4.330591,4.330591,211.272560
6.432758,0.023618,10.570301,4.277993,4.277993,145.890331
6.215036,0.017241,10.520777,8.438886,8.438886,159.851631
6.302116,0.017838,10.477795,5.096023,5.096023,167.825296
8.391774,0.051234,11.292528,6.415143,6.415143,168.330529
6.495153,0.028893,11.159802,4.303755,4.303755,160.984923
6.448761,0.025993,11.781353,5.204957,5.204957,172.341581
6.386012,0.030385,10.480965,4.439597,4.439597,181.982020
6.116454,0.031450,10.435671,4.959978,4.959978,188.214397
5.964542,0.035893,9.366171,5.858784,5.858784,167.527815
5.786552,0.017394,12.842620,4.127364,4.127364,182.820750
5.720763,0.018554,9.429270,4.677508,4.677508,173.224863
6.467253,0.018127,11.850636,4.752903,4.752903,161.167623
7.004974,0.036012,18.099775,5.264297,5.264297,177.904476
6.780271,0.026364,13.554013,5.685841,5.685841,193.249361
7.810247,0.051821,13.672099,6.513208,6.513208,196.697473
5.848115,0.029992,10.724788,5.571162,5.571162,186.269128
6.085392,0.019464,11.137933,7.422401,7.422401,180.650307
6.030638,0.008188,11.153673,7.298555,7.298555,169.962864
6.630982,0.017388,17.056063,5.782068,5.782068,205.078922
7.110772,0.027111,15.673068,6.262335,6.262335,202.570935
7.638801,0.044627,16.354343,6.753261,6.753261,206.225981
7.121274,0.033258,18.781409,6.319740,6.319740,191.361755
7.039985,0.029177,14.891223,6.382578,6.382578,268.060314
7.157604,0.033309,16.168056,6.510161,6.510161,248.153318
9.066529,0.037656,14.179613,6.425897,6.425897,216.854712
6.604197,0.026959,16.844040,6.296075,6.296075,220.589230
6.503502,0.024867,13.129304,9.919382,9.919382,245.061935
6.368920,0.021581,13.520779,6.725577,6.725577,221.878795
7.841206,0.031444,13.343274,10.611902,10.611902,230.343002
6.296500,0.025999,18.760290,7.411953,7.411953,234.552906
6.332259,0.022444,13.217926,11.784643,11.784643,254.301585
6.155687,0.021587,13.068384,8.430602,8.430602,213.850448
6.353907,0.021180,13.969068,7.708576,7.708576,202.883179
6.338427,0.028555,21.426501,11.875228,11.875228,285.747581
6.732753,0.027377,22.801805,11.668360,11.668360,318.275920
7.102501,0.025798,14.183018,9.962445,9.962445,247.371749
6.737456,0.023238,13.622281,7.242066,7.242066,253.350125
10.653432,0.039509,20.772145,7.394600,7.394600,320.528309
6.716591,0.026846,14.438470,7.532315,7.532315,260.110753
6.607100,0.031449,15.071895,7.651508,7.651508,221.464057
9.390533,0.046778,17.486933,8.082589,8.082589,236.629037
7.026084,0.037038,20.506654,9.177114,9.177114,237.192065
6.643915,0.036857,14.347160,6.716025,6.716025,205.441989
6.915044,0.038985,15.131284,7.145650,7.145650,212.189311
6.747950,0.031351,14.763114,7.901306,7.901306,221.348382
9.954245,0.031193,20.041765,8.882274,8.882274,240.833203
8.791852,0.110259,21.057567,8.218945,8.218945,225.254777
7.750367,0.050966,21.780207,8.503695,8.503695,218.909616
7.319237,0.033547,16.982179,9.089368,9.089368,276.334050
10.069046,0.043250,17.624244,8.160411,8.160411,218.110068
7.399008,0.024945,21.267017,7.892831,7.892831,226.169223
7.283500,0.030725,19.305108,13.491648,13.491648,228.128880
7.249961,0.037482,16.502580,7.903677,7.903677,209.831353
7.447503,0.031189,17.513229,7.502240,7.502240,208.165648
7.126988,0.038131,15.610329,9.408647,9.408647,241.396929
9.051562,0.039847,14.100431,7.314243,7.314243,222.492597
6.234126,0.025892,13.299004,7.738045,7.738045,208.858859
6.495451,0.023587,13.348429,8.045081,8.045081,332.063586
7.347891,0.029829,12.273876,9.552732,9.552732,265.325263
6.150830,0.025886,12.625358,9.433027,9.433027,206.938988
6.263418,0.018934,11.773485,7.889433,7.889433,186.095125
7.715315,0.014108,12.541763,10.403373,10.403373,295.881571
6.264471,0.008339,10.968893,12.309017,12.309017,171.429066
9.611506,0.003489,10.894125,8.476384,8.476384,172.020646
6.123496,0.005953,12.031948,12.581782,12.581782,194.853673
5.926861,0.011163,14.519281,7.540142,7.540142,181.462100
7.773115,0.012953,11.598624,7.332496,7.332496,221.263408
6.037601,0.015727,12.553188,7.273879,7.273879,213.160900
6.946149,0.016390,15.524699,7.707853,7.707853,212.467950
7.140140,0.018924,15.793307,7.495209,7.495209,217.912164
7.487976,0.018666,16.913220,8.136582,8.136582,308.644218
8.296490,0.034167,18.916063,9.300358,9.300358,297.419115
6.688156,0.023608,19.854622,10.868192,10.868192,298.250266
6.490655,0.020506,14.867934,9.350474,9.350474,283.757950
6.617235,0.022333,14.931641,9.742964,9.742964,292.988849
6.793605,0.018159,19.846195,8.797021,8.797021,243.966382
6.819016,0.017641,15.925142,9.287293,9.287293,284.138240
10.055771,0.018662,22.224544,11.255060,11.255060,335.133144
6.707638,0.015574,16.082708,9.806802,9.806802,294.999079
7.247667,0.026827,15.982630,9.225407,9.225407,318.186471
7.017478,0.026725,15.870892,9.060339,9.060339,318.636707
6.784458,0.024240,15.626784,13.011318,13.011318,302.924179
6.628366,0.015187,12.885958,8.254836,8.254836,291.174400
6.064758,0.011244,16.616462,9.901913,9.901913,271.134425
5.942622,0.023272,11.133752,9.711108,9.711108,254.646858
8.975068,0.025452,15.931601,15.775283,15.775283,321.151558
5.625121,0.025208,9.261954,9.486669,9.486669,223.843641
6.629218,0.023013,9.920291,9.746668,9.746668,249.345630
7.271742,0.024307,8.511879,10.670489,10.670489,182.960046
5.394777,0.013913,9.059495,9.490239,9.490239,243.717909
7.011445,0.020094,10.878663,13.566930,13.566930,240.605129
7.038143,0.023891,10.824330,9.985217,9.985217,231.457848
5.774694,0.020392,11.240905,9.273557,9.273557,261.239956
5.979905,0.018581,11.279103,9.247811,9.247811,252.993636
5.839328,0.021001,11.055737,8.823437,8.823437,250.172335
6.022538,0.020825,12.207276,9.087538,9.087538,229.797421
6.229317,0.022374,12.452208,10.513162,10.513162,238.518293
7.453911,0.025206,11.941191,13.402246,13.402246,301.897352
6.135207,0.022203,16.588380,11.407196,11.407196,267.471879
8.726689,0.027211,13.528558,10.620520,10.620520,269.116496
7.443220,0.020443,14.301276,11.275523,11.275523,264.077117
7.479811,0.027963,14.146677,13.955354,13.955354,268.878853
7.279571,0.033703,14.111894,10.776858,10.776858,279.997701
6.917119,0.032970,14.744129,11.663682,11.663682,288.337759
6.516575,0.024158,13.676201,13.743210,13.743210,291.877253
6.490449,0.021684,13.861159,14.874763,14.874763,314.780328
6.412380,0.019300,13.966438,15.754366,15.754366,300.752986
6.389366,0.017792,13.531541,10.768428,10.768428,272.192596
6.587699,0.030016,14.037127,15.702571,15.702571,328.166062
6.469252,0.021459,13.518850,11.283233,11.283233,265.753361
9.456301,0.049137,14.009071,11.828188,11.828188,317.718312
6.539869,0.025852,12.740779,13.047546,13.047546,344.872431
6.366183,0.021741,12.720067,14.891224,14.891224,282.156127
8.639961,0.023183,13.634744,12.289819,12.289819,306.862975
7.359243,0.026264,12.933583,12.138759,12.138759,326.865443
6.715599,0.025305,13.056203,14.759082,14.759082,305.606747
6.793179,0.027568,16.509382,12.446923,12.446923,333.648179
6.797973,0.028631,13.462699,14.039575,14.039575,275.361689
6.579612,0.023253,16.280640,13.692830,13.692830,331.435563
6.862516,0.027049,13.693876,13.374870,13.374870,333.178059
6.721890,0.026023,17.002058,22.981966,22.981966,368.833294
6.723951,0.034243,12.922579,19.576468,19.576468,291.207353
9.058941,0.036446,13.235524,15.705385,15.705385,440.866115
8.824090,0.030781,14.344388,15.313468,15.313468,291.686717
6.546197,0.026074,16.003084,17.317806,17.317806,343.530143
6.331562,0.024979,11.170440,16.474395,16.474395,301.669383
8.791183,0.034948,11.773227,13.540274,13.540274,198.009320
6.613148,0.023665,15.824296,18.561248,18.561248,378.358782
9.329531,0.029220,13.759061,15.986112,15.986112,194.504482
6.672702,0.021101,11.710976,20.238401,20.238401,186.062717
6.940615,0.015206,13.189187,18.872596,18.872596,309.539336
6.905711,0.024530,12.316510,15.347962,15.347962,316.639939
7.227135,0.026909,17.203585,18.565646,18.565646,403.158144
8.842070,0.039220,12.467212,16.364464,16.364464,179.465451
7.049208,0.024936,17.022312,17.012554,17.012554,276.136980
7.097903,0.029279,12.289821,18.625261,18.625261,194.882112
7.233104,0.032876,15.678165,15.725703,15.725703,194.471196
7.012735,0.023980,12.268996,20.137093,20.137093,202.483990
6.903471,0.022417,12.064005,19.889774,19.889774,184.780957
9.407365,0.027981,12.768514,20.474138,20.474138,212.275119
7.164851,0.032313,13.790655,15.846905,15.846905,208.815048
8.466259,0.036187,12.878911,15.495755,15.495755,264.235474
6.920476,0.023505,11.702701,13.028960,13.028960,207.185256
8.776346,0.041483,10.906012,13.799395,13.799395,158.824819
6.723174,0.021314,10.069559,18.845889,18.845889,169.330462
7.144425,0.020472,11.786966,16.376201,16.376201,170.232533
8.163192,0.026243,11.401281,13.049370,13.049370,190.243430
10.556794,0.040948,14.842998,14.011806,14.011806,165.131968
9.299014,0.032413,11.173689,11.282551,11.282551,182.164008
7.060473,0.023804,12.257720,17.157197,17.157197,208.890411
7.435715,0.047319,12.984274,15.066121,15.066121,219.561815
7.413510,0.034236,16.257737,21.532702,21.532702,438.374491
7.258850,0.032165,14.958029,16.891552,16.891552,403.650724
7.941150,0.027308,10.785653,15.347907,15.347907,376.934108
7.272877,0.024768,11.046538,26.421802,26.421802,396.453718
7.006085,0.022552,13.928074,16.254269,16.254269,382.618859
6.996617,0.032198,13.391376,15.979529,15.979529,474.873059
9.004111,0.043410,13.635025,15.164848,15.164848,372.791822
7.062613,0.026143,12.849412,20.429825,20.429825,432.444121
6.850963,0.028246,13.767775,16.925588,16.925588,550.468674
7.127436,0.034336,13.988050,19.455456,19.455456,456.440034
6.611123,0.030016,12.696805,19.212308,19.212308,418.720516
6.474671,0.030407,13.817942,18.725374,18.725374,467.666447
7.010664,0.031106,24.596110,19.857883,19.857883,560.044012
6.415517,0.024843,13.552183,19.125388,19.125388,405.886553
5.754799,0.030844,6.342831,17.063210,17.063210,124.022322
5.541814,0.027152,5.649584,18.461494,18.461494,117.822485
5.405019,0.020535,5.474052,18.014840,18.014840,104.541918
5.337014,0.018184,5.204910,13.167968,13.167968,101.421033
5.422759,0.016187,5.988555,16.258686,16.258686,105.498838
5.589564,0.015018,6.644081,11.807534,11.807534,135.259006
5.785996,0.017272,6.707322,12.358579,12.358579,102.800206
6.055216,0.032499,6.767985,13.262026,13.262026,115.712470
6.201187,0.026551,7.661808,12.818720,12.818720,127.101779
6.053894,0.027348,7.282700,13.636498,13.636498,135.795738
6.484276,0.029888,12.231797,11.928085,11.928085,129.604611
6.419144,0.025958,7.586385,11.462280,11.462280,145.746534
6.454776,0.026666,7.774974,15.930020,15.930020,129.632719
6.491796,0.021471,8.170561,10.930182,10.930182,134.063520
6.540556,0.030168,12.097704,17.270447,17.270447,156.093712
6.360878,0.026250,7.129787,9.465066,9.465066,134.346786
6.316549,0.023551,6.845039,8.078547,8.078547,133.336232
6.042435,0.017645,6.383618,6.754154,6.754154,128.518463
5.998282,0.017894,6.450514,6.960558,6.960558,120.720944
6.038837,0.016528,6.511036,9.335563,9.335563,132.537854
5.959728,0.019167,6.381565,3.235309,3.235309,117.879310
6.021309,0.025137,6.792642,7.255170,7.255170,120.366804
5.982731,0.021832,6.621827,6.290604,6.290604,128.302780
6.035672,0.027791,6.696526,6.454145,6.454145,115.626296
5.812825,0.024289,6.098142,4.084029,4.084029,101.427196
5.586945,0.017249,5.553019,4.850222,4.850222,98.554037
7.730240,0.021581,5.403963,3.370491,3.370491,91.470624
5.711089,0.020257,5.460417,4.389012,4.389012,96.445696
5.550146,0.017634,5.509472,5.716404,5.716404,96.457143
5.768909,0.032950,6.356989,3.571899,3.571899,100.223010
5.817206,0.020845,6.545786,3.493379,3.493379,111.727180
5.894143,0.026498,6.666291,6.563423,6.563423,118.866078
5.871223,0.027573,6.732402,4.202610,4.202610,108.329864
5.850214,0.020106,7.110039,4.944441,4.944441,107.558328
6.823516,0.020050,7.318375,3.508688,3.508688,112.500245
6.029625,0.020727,8.076878,5.098801,5.098801,122.764862
5.954091,0.030548,7.410595,3.675148,3.675148,128.896644
8.744244,0.024733,8.000768,6.679976,6.679976,149.740459
5.814460,0.022383,8.276136,4.411545,4.411545,125.459291
5.799113,0.022062,7.569263,4.298553,4.298553,119.087609
6.979160,0.030109,7.517210,3.771570,3.771570,123.446648
8.615502,0.030094,8.134601,3.453788,3.453788,123.033546
5.500442,0.023042,5.516195,6.400095,6.400095,94.514951
5.480282,0.020633,5.881899,3.599309,3.599309,90.152974
5.538308,0.020367,7.409474,3.586366,3.586366,100.525144
5.690358,0.021862,6.164599,3.926649,3.926649,86.984038
5.670654,0.026910,9.032214,6.381451,6.381451,121.327266
5.617236,0.041074,5.789589,4.397981,4.397981,89.625440
5.487794,0.019026,5.967814,3.567199,3.567199,110.494465
6.253558,0.018998,6.607934,4.060350,4.060350,86.220793
5.684905,0.014928,6.637075,5.197407,5.197407,95.916826
5.742977,0.017996,6.730608,5.313889,5.313889,98.447783
5.936571,0.024117,7.201470,7.387610,7.387610,107.584932
5.701907,0.014972,6.896848,5.626207,5.626207,105.326724
5.742851,0.015831,6.982859,4.516410,4.516410,100.228255
7.766960,0.022340,7.392560,5.398282,5.398282,106.960585
5.711734,0.014974,6.947180,4.248394,4.248394,111.291045
8.224741,0.019660,9.062205,4.006015,4.006015,114.221943
5.659285,0.022262,7.334029,5.427016,5.427016,117.206498
5.798427,0.047031,10.504906,4.878714,4.878714,159.682497
6.040377,0.019717,11.928933,5.214673,5.214673,121.075287
5.837454,0.015468,8.771116,5.277110,5.277110,131.310447
5.971725,0.023763,13.877020,5.290909,5.290909,142.118435
9.345346,0.033251,13.767148,8.829143,8.829143,232.608892
9.432298,0.045140,13.796285,5.665428,5.665428,205.552722
6.221049,0.030826,9.448933,5.623722,5.623722,142.455879
6.223200,0.022005,10.111698,6.431613,6.431613,142.414236
6.359823,0.024853,10.771636,6.957565,6.957565,147.571934
6.528807,0.021185,10.951196,8.309879,8.309879,149.672761
6.561198,0.026251,11.926949,6.275668,6.275668,166.613455
6.644733,0.029095,11.460483,6.688817,6.688817,145.942285
6.547655,0.016941,12.621859,6.479061,6.479061,175.680801
8.071636,0.030353,11.080834,7.628381,7.628381,175.003856
6.834641,0.019247,11.458684,5.967053,5.967053,156.019098
6.407106,0.020047,9.754900,5.884928,5.884928,124.502955
5.990732,0.021620,9.285993,7.871928,7.871928,154.596163
6.653379,0.025494,10.689287,9.457302,9.457302,133.302625
6.354867,0.022399,10.361919,6.815210,6.815210,133.463731
8.249957,0.037869,12.395751,7.572072,7.572072,166.215606
6.887486,0.031556,13.269105,11.504863,11.504863,182.032826
6.911551,0.045915,13.236082,12.381481,12.381481,253.514805
7.316411,0.052601,11.943133,8.353686,8.353686,176.554360
6.988911,0.059249,13.974428,7.836309,7.836309,203.587634
6.269982,0.031815,16.879234,8.546461,8.546461,194.777479
6.417530,0.038029,17.931464,8.437525,8.437525,210.198552
6.555617,0.049263,13.800573,8.881315,8.881315,220.521913
6.740588,0.046202,19.768637,8.428888,8.428888,217.374612
6.800659,0.048440,18.626113,11.929439,11.929439,301.250195
6.748705,0.040378,19.714009,10.511450,10.511450,278.948053
6.941507,0.040342,14.681447,9.789972,9.789972,292.925479
7.022152,0.039229,14.664270,10.515571,10.515571,262.530431
6.908499,0.037002,16.576752,11.814828,11.814828,309.216754
6.867076,0.029953,14.874002,10.340548,10.340548,262.213941
7.014153,0.031904,15.275245,10.064733,10.064733,288.281569
7.062633,0.709462,19.342123,10.912393,10.912393,267.711651
6.798765,0.031447,14.789802,10.882797,10.882797,275.302558
6.908586,0.033099,15.171163,15.103332,15.103332,269.147345
6.576339,0.023847,14.491240,14.704225,14.704225,272.447320
7.132410,0.026715,17.136851,10.779671,10.779671,245.009109
16.557438,0.045378,21.615497,11.526626,11.526626,255.332327
6.488075,0.028833,22.696966,11.264851,11.264851,250.195740
6.913066,0.033960,14.325566,13.208788,13.208788,349.976018
6.804898,0.026308,17.919707,12.538457,12.538457,261.625808
7.400515,0.027932,15.570976,20.713586,20.713586,362.887532
8.301547,0.043915,17.530067,27.444050,27.444050,360.531244
8.052450,0.026092,16.285614,22.538209,22.538209,366.478079
8.568404,0.030835,18.162946,23.189784,23.189784,415.184333
8.952571,0.029761,19.496853,21.362355,21.362355,426.419053
12.709711,0.030784,23.514686,30.349079,30.349079,672.900557
7.780645,0.030973,14.992631,22.823532,22.823532,458.737612
23.136882,0.122343,18.743394,23.369241,23.369241,342.936822
7.257917,0.023977,13.130919,24.307241,24.307241,308.386466
7.338202,0.022694,13.416590,22.533500,22.533500,301.631800
7.181217,0.023718,21.130750,28.821948,28.821948,401.384083
7.323138,0.029525,14.995039,20.529843,20.529843,331.843224
7.048280,0.028564,11.987789,25.084486,25.084486,290.202062
6.955534,0.021484,12.018878,20.917020,20.917020,301.735594
7.007420,0.027930,13.183487,25.231131,25.231131,289.800888
7.885518,0.027292,13.308589,21.964727,21.964727,262.303165
6.835564,0.019624,11.648862,14.880735,14.880735,208.055713
6.261504,0.019625,10.949814,18.284065,18.284065,218.259902
6.032200,0.013463,10.078142,11.731788,11.731788,210.644352
6.264355,0.013883,10.604676,12.430491,12.430491,215.757695
6.434414,0.039381,14.126871,11.595254,11.595254,205.962944
6.467150,0.022697,11.693260,12.464810,12.464810,219.986684
6.658508,0.025275,12.454381,14.850139,14.850139,241.135555
6.572708,0.028218,16.040316,15.168692,15.168692,242.310349
9.052655,0.031145,15.780664,19.501886,19.501886,293.856467
7.176084,0.030761,13.816369,17.188738,17.188738,271.434008
9.278239,0.047746,14.118217,14.001350,14.001350,247.354837
7.050294,0.025810,16.034346,16.350868,16.350868,244.560050
7.242113,0.021785,13.787863,17.756489,17.756489,252.905851
7.123978,0.027707,17.848197,18.504930,18.504930,250.947509
7.105769,0.023394,13.743225,16.770794,16.770794,297.387998
7.084406,0.022982,14.540923,21.297192,21.297192,307.888685
6.980514,0.029773,15.647440,17.755776,17.755776,269.370304
7.511589,0.026942,19.551252,16.213285,16.213285,262.594826
7.488809,0.027160,14.933414,14.564339,14.564339,280.897868
7.705549,0.026428,14.984433,17.440662,17.440662,276.645454
7.095568,0.028263,13.634438,12.299850,12.299850,271.882273
7.804239,0.026317,18.692427,11.150080,11.150080,274.326699
7.423629,0.027765,15.036190,15.543242,15.543242,258.977440
7.431462,0.030574,14.619800,11.099255,11.099255,263.514300
7.760293,0.028922,19.245191,16.487397,16.487397,270.607716
10.324672,0.037629,14.933430,20.661669,20.661669,290.117868
7.703926,0.020814,15.428674,16.111570,16.111570,317.193649
7.683373,0.022417,16.427167,26.898040,26.898040,328.126493
7.766742,0.024833,14.517597,22.397854,22.397854,321.806661
7.459039,0.021954,15.640650,25.649258,25.649258,312.953279
7.534865,0.023656,13.607739,25.607289,25.607289,285.337815
7.534547,0.018546,13.763058,19.288181,19.288181,280.728407
7.466427,0.026593,13.987363,17.556687,17.556687,289.071860
11.413553,0.028709,20.222856,22.554221,22.554221,335.307501
7.669919,0.027748,13.450578,17.556363,17.556363,298.974585
7.423685,0.022880,12.462520,18.607773,18.607773,288.347262
7.626202,0.018250,12.677996,18.606129,18.606129,290.595492
7.241700,0.017224,12.011866,19.777030,19.777030,305.632228
6.506027,0.019595,11.389738,20.276406,20.276406,251.531924
6.747386,0.017196,10.205628,19.696158,19.696158,224.791601
6.699391,0.015151,10.322261,21.352840,21.352840,257.135611
7.025127,0.019914,11.194341,17.768819,17.768819,260.548793
6.437670,0.026101,14.758603,19.632270,19.632270,210.710212
6.567548,0.031734,10.446161,20.898865,20.898865,224.474561
6.352130,0.023873,12.640542,19.420899,19.420899,190.801645
6.130514,0.030945,7.933443,21.132529,21.132529,134.765482
6.953345,0.022875,13.294809,18.351016,18.351016,192.263914
6.773955,0.034631,11.530677,16.610601,16.610601,243.165088
7.867397,0.041113,14.562798,19.055975,19.055975,313.060788
9.978609,0.061750,15.656711,19.240755,19.240755,325.357014
8.660005,0.032863,16.974652,21.296943,21.296943,345.249432
8.736218,0.029629,14.641435,21.266536,21.266536,354.981542
9.476723,0.036568,19.926726,29.409449,29.409449,351.597548
9.562469,0.024292,25.184890,22.357213,22.357213,563.809467
9.671881,0.030936,19.633101,26.434938,26.434938,398.047048
9.638451,0.020480,24.237081,22.303985,22.303985,415.972568
10.284410,0.020272,20.848103,24.607312,24.607312,413.889683
10.935862,0.024671,22.325341,23.990649,23.990649,448.840885
9.954093,0.025453,29.376261,27.901156,27.901156,461.081786
10.364293,0.033852,28.887977,26.436838,26.436838,428.406642
13.028844,0.041042,24.240093,31.250813,31.250813,447.549279
16.480753,0.027736,34.938251,30.906862,30.906862,508.670147
13.335343,0.041478,27.119016,31.921488,31.921488,516.324488
15.419379,0.043681,38.357232,27.032629,27.032629,553.734814
12.487950,0.026333,30.162360,30.186015,30.186015,739.962197
14.016469,0.025141,29.005629,19.379064,19.379064,1307.897374
13.506110,0.026538,30.519773,11.271273,11.271273,1242.627133
12.196326,0.016034,26.762967,29.591960,29.591960,1156.751517
10.747418,0.019537,20.201081,29.959192,29.959192,1102.446864
9.531306,0.017145,21.169555,30.221979,30.221979,841.759446
9.855002,0.019038,27.864673,25.042486,25.042486,787.269717
9.872462,0.027095,21.173525,36.478855,36.478855,786.338213
8.608564,0.024532,22.271750,31.102721,31.102721,862.354556
10.421472,0.027637,20.952042,35.631287,35.631287,744.928609
9.294138,0.018732,19.876892,34.934291,34.934291,542.826043
10.062682,0.021972,22.787980,29.907007,29.907007,580.874071
10.263223,0.026558,21.519216,29.138515,29.138515,680.068414
9.285617,0.020696,21.751824,23.643714,23.643714,496.218688
9.000399,0.022390,21.217367,26.603889,26.603889,419.515238
8.578360,0.024392,17.932800,28.476285,28.476285,426.394775
8.658101,0.028460,21.498977,28.333824,28.333824,418.657905
12.737075,0.026751,24.615536,27.000586,27.000586,483.042261
11.116748,0.036718,19.682051,30.624526,30.624526,419.766662
10.763330,0.032785,18.884047,34.777927,34.777927,424.506655
9.134069,0.030025,23.321783,35.397506,35.397506,460.538157
9.663022,0.036740,20.918550,38.416179,38.416179,500.280054
10.490693,0.023450,21.560736,27.091203,27.091203,536.581735
11.409530,0.023964,24.524895,33.439658,33.439658,571.119693
11.505530,0.025276,23.124941,35.225921,35.225921,594.977457
11.794907,0.021604,26.633943,34.953948,34.953948,695.800922
12.724678,0.022333,31.045580,25.274382,25.274382,712.348190
13.159254,0.027489,27.089346,27.937604,27.937604,695.229366
12.069965,0.020035,23.345196,34.303510,34.303510,638.275771
10.835001,0.027603,25.179398,27.125812,27.125812,582.047318
11.114291,0.021178,20.975757,35.433730,35.433730,635.717221
12.827665,0.019555,20.121248,33.138953,33.138953,522.371924
13.430904,0.024520,22.302197,29.547140,29.547140,523.405048
11.441916,0.019389,20.160747,31.165897,31.165897,551.510222
12.919024,0.022406,33.710304,28.541749,28.541749,1187.777343
13.241968,0.023744,26.425613,24.282348,24.282348,744.674941
13.301411,0.023057,25.851166,26.632810,26.632810,1094.973941
14.319011,0.026102,29.888036,12.157233,12.157233,1113.303428
21.635848,0.029577,38.490628,34.556211,34.556211,1156.877475
14.416689,0.026734,33.896362,12.005139,12.005139,1335.050967
17.239513,0.046656,31.411439,42.611142,42.611142,1028.232711
18.263674,0.022749,27.428352,7.210288,7.210288,1242.201504
13.731185,0.016333,32.698253,36.210671,36.210671,1151.979431
13.723785,0.023802,27.504395,25.905014,25.905014,1126.587471
13.373699,0.022179,25.498662,27.451991,27.451991,971.493019
19.552999,0.027066,40.435145,9.065679,9.065679,1277.681064
11.170740,0.021548,26.792617,30.258437,30.258437,753.752326
11.744809,0.017406,28.362233,43.604013,43.604013,949.522403
12.058035,0.023041,31.665161,39.011982,39.011982,744.164742
12.461640,0.028405,27.248682,40.171639,40.171639,806.203134
11.202367,0.018260,29.540049,33.682943,33.682943,718.053254
13.401558,0.026490,26.283238,16.949153,16.949153,1323.380657
14.764558,0.046479,24.813870,37.135969,37.135969,1006.607699
12.598040,0.025440,30.830922,34.990399,34.990399,1151.642105
11.333704,0.027270,23.266832,45.588976,45.588976,769.939188
11.308902,0.028193,20.746231,37.161198,37.161198,788.160705
11.521119,0.027558,22.222823,33.339696,33.339696,821.140329
14.597503,0.023027,21.938309,31.862224,31.862224,846.046758
10.471183,0.026516,24.031842,32.665770,32.665770,801.232719
15.829675,0.034759,26.180821,49.108504,49.108504,961.762553
13.928915,0.030891,33.380261,33.708522,33.708522,1005.446799
17.791154,0.033418,28.787144,31.111137,31.111137,915.261118
15.405854,0.034922,35.614112,38.011240,38.011240,1068.409055
15.874130,0.034902,32.707391,41.923167,41.923167,897.681320
15.098383,0.027786,32.731424,55.364690,55.364690,1007.630208
12.659631,0.025519,35.414883,40.225865,40.225865,790.627295
11.612434,0.021166,27.427451,30.833056,30.833056,879.005973
11.497352,0.026176,25.552728,47.358381,47.358381,851.344767
9.709053,0.026641,22.894535,35.597213,35.597213,687.701189
8.466742,0.023816,22.076169,38.105280,38.105280,567.273883
8.781061,0.031172,22.604717,38.144016,38.144016,581.439939
8.754377,0.040465,26.608056,40.002310,40.002310,460.227405
12.148325,0.241018,26.786128,30.843744,30.843744,487.317539
9.858524,0.028739,28.702827,33.041648,33.041648,487.518866
9.720076,0.030400,28.565195,32.730683,32.730683,582.205280
8.793777,0.042118,23.647536,42.641357,42.641357,566.633013
12.281709,0.084759,20.537243,35.149640,35.149640,404.701053
8.401089,0.023538,22.769963,38.751306,38.751306,516.656725
7.084867,0.036263,24.595385,36.538716,36.538716,482.026907
7.294345,0.023688,15.396929,32.111417,32.111417,379.018484
8.048421,0.026488,18.907333,33.780486,33.780486,390.334738
